0.42 4009
1.03 4049
1.62 4132
2.22 4138
2.83 4163
3.42 4189
4.02 4202
4.62 4233
5.22 4274
5.83 4293
6.42 4332
9.02 625
9.62 604
10.22 615
10.94 609
11.42 614
12.14 604
12.62 630
13.34 609
13.81 595
14.8 574
15.27 554
15.86 549
16.72 546
17.06 545
17.67 533
18.52 523
19.36 512
21.53 431
22.02 428
23.34 421
24.06 414
24.42 422
25.14 423
25.88 420
26.34 430
27.31 439
29.42 826
30.16 821
30.75 824
31.23 874
31.84 899
32.44 884
32.92 880
36.5 4117
37.09 4151
38.91 3996
42.38 10364
42.98 10456
43.7 4364
44.78 9634
45.98 6607
46.58 6538
47.3 4366
47.91 4355
49.11 4364
49.7 4369
51.5 4300
52.09 4289
52.7 4279
53.3 4279
53.91 4260
54.5 4248
55.09 4277
55.7 4258
56.3 4267
56.89 4272
57.5 4269
58.09 4281
58.7 4145
59.3 4101
59.89 4342
60.5 4224
61.09 4258
61.69 4255
62.77 9847
63.38 9820
63.97 10147
64.56 7037
65.17 9884
68.84 723
69.44 718
70.05 704
70.64 701
71.36 701
71.72 703
72.31 751
72.91 740
73.52 734
74.11 730
75.53 934
76.14 933
76.73 933
77.33 933
77.94 936
78.53 934
79.14 937
79.73 938
80.34 943
80.83 944
81.56 949
82.05 955
82.78 961
83.27 975
83.88 988
84.48 985
85.09 1014
85.58 1055
86.19 1064
86.8 1078
88.36 3789
88.84 3790
89.58 3759
90.19 3777
90.8 3819
91.41 3851
92.38 7712
95.81 1207
96.42 1248
100.72 500
101.33 498
101.69 497
102.42 497
103.03 489
103.77 492
104.23 490
104.72 490
105.45 491
106.55 541
114.97 5235
115.58 5130
116.19 5122
116.8 5115
117.41 5086
118.02 5083
118.62 5050
119.23 5279
122.28 5393
134.84 320
135.33 324
141.27 674
143.58 8706
144.19 8204
144.81 8778
145.42 8843
146.05 8799
146.66 8814
147.27 6652
147.89 5827
148.62 4369
149.23 4380
149.86 4333
150.47 4411
151.09 4258
151.7 4192
152.31 4703
152.94 4389
153.55 4528
154.16 5339
154.78 5232
155.39 4544
156.02 4490
156.62 4409
157.23 4431
157.84 4420
158.47 4430
162.88 3572
163.98 4469
164.59 4492
165.2 4505
165.83 4515
166.44 4552
167.05 4548
167.66 4575
168.28 4593
168.89 4609
169.5 4650
170.11 4650
170.73 4848
172.44 7126
173.06 7306
173.67 6879
174.28 6835
174.89 6874
175.52 6010
182.2 1105
182.83 1096
183.56 1076
184.06 1068
184.81 1049
185.42 1042
186.05 1027
186.67 1029
187.28 1029
187.91 1031
188.39 1050
189.14 999
189.89 985
190.5 987
191 992
191.62 996
192.23 1000
192.86 1000
193.47 992
194.09 982
194.72 975
195.33 967
196.08 966
196.7 970
197.19 973
197.81 977
198.56 981
199.06 988
199.69 994
200.31 1006
200.94 1015
201.56 1015
202.19 1022
202.81 1024
203.3 1028
204.05 1044
204.55 1042
205.17 1048
205.67 1152
206.42 1141
207.05 1125
207.67 1113
208.3 1106
208.92 1097
209.55 1097
210.16 1097
210.78 1104
211.41 1120
213.03 3428
213.66 3114
214.28 3050
214.91 3039
215.53 3039
216.14 3033
216.77 3027
217.39 2996
218.02 3046
218.64 3052
219.25 2987
220.5 2865
221.12 2858
221.75 2843
222.48 2833
223.11 2831
223.73 2803
224.98 2765
225.61 2764
226.22 2753
226.84 2747
227.47 2744
228.09 2749
228.72 2734
229.33 2765
229.95 2701
230.58 2711
231.2 2702
231.83 2739
232.44 2696
233.06 2742
233.69 2706
234.19 2936
234.94 2740
235.56 2722
236.17 2671
236.8 2691
237.42 2675
238.05 2663
238.67 2685
239.28 2731
239.91 2695
240.41 2841
241.16 2692
241.78 2678
242.39 2663
243.02 2664
243.64 2729
244.27 2664
244.89 2667
246.75 2677
247.38 2676
248 2692
248.62 2694
249.23 2740
249.86 2775
250.48 2773
251.11 2758
251.73 2808
252.97 2707
253.59 2624
254.22 2628
254.84 2646
255.47 2642
256.09 2668
256.72 2673
257.34 2672
257.97 2681
258.59 2688
259.22 2698
259.84 2712
260.47 2726
261.09 2731
263.59 2782
264.22 2787
269.11 2892
271.61 2964
272.23 2997
272.86 2987
273.48 3041
274.11 3034
274.73 3045
275.38 3056
276.12 2894
276.62 3251
277.25 3075
277.88 3143
278.5 3133
279.12 3175
279.75 3536
280.38 3278
281 3299
281.62 3345
282.25 3370
282.88 3409
283.5 3431
284.12 3486
284.75 3505
285.38 3548
286 3599
286.62 3611
287.12 3932
287.75 4366
288.38 4413
289 4473
289.62 4515
290.25 4581
290.88 4601
291.5 4601
292.12 4557
292.75 4520
293.38 4509
294 4456
294.62 4492
295.25 4437
295.86 4391
296.48 4389
297.11 4335
297.73 4303
303.98 4006
304.61 4087
305.23 3923
305.97 3872
306.47 3885
307.22 3867
307.84 3872
308.34 3850
309.09 3819
309.72 3815
310.34 3801
310.97 3785
311.47 3767
312.22 3761
312.84 3746
313.47 3722
314.09 3722
314.72 3706
315.34 3686
315.97 3691
316.61 3675
317.23 3668
317.88 3650
318.5 3649
319.14 3631
319.77 3640
320.41 3630
321.03 3618
321.67 3614
322.3 3612
322.94 3604
323.56 3589
324.2 3547
324.83 3546
325.47 3590
326.11 3582
326.73 3561
327.38 3585
328 3566
333.77 269
335.03 269
335.27 269
335.91 268
337.05 268
337.17 268
338.19 268
338.69 268
339.58 268
339.7 268
340.34 268
341.36 268
341.86 268
342.38 269
342.38 269
343.02 269
343.64 270
344.78 270
345.16 270
345.3 271
346.69 272
346.8 272
347.81 273
347.83 274
349.2 275
349.34 275
350.48 277
350.72 276
351.5 283
351.62 278
355.2 3868
355.67 3916
356.27 3923
356.86 3930
357.45 3964
358.05 3979
358.77 4008
359.23 4023
359.83 4048 
