5.2 13748
6.38 7522
6.97 7458
7.55 7304
8.14 7184
8.72 7184
9.31 7209
9.89 7278
10.48 7263
11.08 7268
11.66 7375
26.3 12484
52.91 7647
60.02 7136
60.61 7093
61.2 7069
61.8 7107
62.39 7004
62.98 7102
63.58 7314
67.73 6885
80.81 6321
81.41 6228
99.25 275
103.28 179
103.88 175
104.45 176
105.23 233
106.77 218
107.42 219
108.61 219
109.2 220
109.8 220
110.39 218
110.98 215
111.45 211
112.17 214
113.89 256
117.78 3984
139.25 281
140.59 285
146.86 335
152.25 391
157.05 482
157.77 480
158.25 479
158.84 474
159.7 472
160.3 471
160.78 471
161.38 470
161.98 466
162.7 466
163.31 468
163.91 463
164.39 464
164.86 459
165.59 460
166.33 458
166.67 457
167.53 455
168 457
168.48 455
169.08 453
169.94 453
170.41 451
171.02 453
171.61 452
172.22 448
172.94 450
173.55 449
174.14 450
174.5 449
175.09 447
175.83 449
176.42 448
177.03 447
177.75 448
178.48 435
178.95 440
179.56 463
179.66 491
180.52 449
181.23 449
181.97 448
182.31 449
183.05 449
183.77 450
184.38 450
184.84 450
185.7 451
185.92 451
186.64 450
187.5 452
187.97 453
188.45 453
189.17 455
189.64 457
190.38 455
190.72 458
191.58 459
192.05 459
192.77 460
193.38 463
193.84 461
194.33 464
195.17 466
195.64 469
196.12 468
196.72 458
197.58 465
197.92 455
198.64 469
199.12 477
199.72 481
202 489
205.41 372
207.23 384
209.2 346
210.19 345
210.44 345
211.05 348
211.91 351
215.61 292
215.84 289
221.5 291
221.86 292
222.09 295
227.03 3025
227.64 3038
228.61 283
229.09 282
234.36 3600
234.97 3639
235.58 3669
236.08 3764
236.81 3831
237.42 3892
237.91 4005
238.52 4020
239.12 4122
245.97 260
247.81 261
252.14 230
255.78 263
255.8 249
261.94 3594
262.56 3599
263.17 3600
263.8 3588
264.41 3589
265.03 3575
265.64 3584
266.25 3574
266.88 3581
267.48 3563
268.11 3560
268.72 3564
269.34 3563
269.95 3551
270.58 3574
271.19 3571
271.8 3570
272.42 3576
273.03 3590
273.66 3586
274.27 3584
274.89 3594
275.5 3602
276.11 3586
276.73 3599
277.34 3602
277.97 3607
278.58 3609
279.2 3613
279.81 3600
280.44 3613
281.05 3313
281.66 3306
282.28 3284
282.89 3602
283.5 3642
284.12 3648
284.73 3664
289.66 3802
310.42 4841
311.03 4817
311.64 4828
312.27 5029
312.88 5073
313.61 3322
314.23 3321
316.08 3220
316.69 3193
317.3 3173
317.92 3104
319.77 3007
320.38 3010
324.45 6325
5.28 13748
6.53 7533
7.16 7448
7.78 7175
8.41 7184
9.03 7194
9.64 7199
10.27 7254
10.89 7278
11.52 7344
26.52 13554
37.16 10320
52.83 7725
59.73 7309
60.36 7141
60.98 7117
61.61 7055
62.86 7083
81.05 6253
99.17 277
102.56 245
103.19 176
103.81 175
104.45 176
106.34 237
107.61 218
107.98 219
108.88 219
109.38 219
109.5 219
109.89 218
111.39 212
112.03 212
117.77 3982
127.45 282
127.58 289
139.09 283
140.11 284
140.48 280
146.84 323
147.34 334
152.2 393
157.31 481
157.83 481
158.47 476
159.36 475
159.75 471
160.62 470
161.02 471
161.66 468
162.67 465
163.31 467
163.69 462
164.58 463
164.97 459
165.61 461
166.38 458
166.88 458
167.64 457
168.41 455
168.92 454
169.44 453
170.31 452
170.95 452
171.47 451
172.36 451
172.88 450
173.52 450
174.02 451
174.91 449
175.42 447
175.94 448
176.58 448
177.33 447
177.84 447
178.5 536
178.61 436
179.77 483
181.28 448
181.8 448
182.56 450
182.95 449
183.59 449
184.09 450
184.98 452
185.38 451
186.14 451
186.77 452
187.53 455
188.05 453
188.69 452
189.31 455
189.95 456
190.47 458
191.11 459
191.86 460
192.62 460
193.02 461
193.78 462
194.28 465
195.05 464
195.44 469
196.45 468
196.83 459
197.34 467
198.36 461
198.88 474
199.5 478
200.14 474
202.05 486
202.56 489
205.11 379
207.19 386
209.38 343
210.41 344
211.17 345
211.33 350
215.17 287
216.19 288
216.97 289
219.5 360
221.66 289
222.42 294
227.16 3045
227.8 3046
228.27 283
229.53 279
234.94 3609
235.59 3663
236.23 3756
236.89 3834
237.53 3911
238.06 3996
238.7 4058
239.36 4108
252.05 225
254.41 249
255.25 248
256.03 253
262.89 3569
263.55 3576
264.19 3586
264.84 3584
265.5 3578
266.16 3592
266.81 3592
267.45 3558
268.11 3572
268.77 3539
269.42 3556
270.08 3571
270.72 3569
271.38 3574
272.03 3593
272.69 3589
273.34 3586
274 3593
274.64 3574
275.3 3568
275.95 3589
276.61 3605
277.27 3610
277.91 3612
278.56 3613
279.22 3617
279.88 3621
280.53 3626
281.17 3307
281.83 3294
282.48 3331
283.14 3602
283.8 3615
285.09 3735
310.41 4826
311.06 4789
312.36 5010
313.02 5092
313.8 3322
314.45 3318
315.11 3306
316.42 3209
317.08 3189
317.73 3119
318.39 3088
319.05 3064
320.34 3010
324.69 6355
357.81 13748
5.25 13748
6.56 7570
7.22 7495
7.88 7175
8.53 7244
9.19 7254
9.86 7258
10.52 7283
11.19 7299
11.84 7365
26.44 13520
53.03 7543
59.67 7170
60.33 7170
61 7102
61.66 7069
62.33 7050
62.98 7008
80.97 6206
99.94 277
100.47 244
103.92 176
104.59 176
108.58 219
108.62 220
108.78 220
110.58 218
111.25 214
127.66 285
127.94 289
139.8 280
139.84 285
146.59 339
147.27 333
152.25 386
152.8 386
157.17 482
157.97 481
158.52 478
159.19 475
160.11 472
160.64 470
161.31 470
161.86 467
162.78 467
163.2 466
164 464
164.8 461
165.47 462
166.02 460
166.81 456
167.47 455
168.02 455
168.69 454
169.48 455
170.28 452
171.08 452
171.38 452
172.3 450
172.84 450
173.77 448
174.31 450
174.84 450
175.77 449
176.31 448
176.86 448
177.66 447
178.45 442
179 439
179.55 469
180.89 449
181.56 448
182.34 449
183.14 449
183.81 449
184.48 449
185.03 450
185.83 451
186.38 451
186.8 453
187.58 452
188.5 453
189.05 454
189.47 456
190.27 456
190.81 459
191.73 461
192.28 460
192.94 461
193.73 463
194.28 465
195.08 466
195.5 468
196.42 468
197.09 460
197.77 468
198.17 461
198.84 478
199.52 480
202.33 487
207.03 379
209.58 346
210.5 345
210.81 345
211.5 347
214.97 289
215.53 290
221.98 291
222.17 292
222.98 294
227.52 3037
228.19 3056
228.56 282
228.61 282
235 3633
235.67 3677
236.36 3762
237.03 3809
237.72 3915
238.27 3969
238.95 4095
245.56 261
252.92 375
253.25 248
256.03 255
257.34 248
262.92 3569
263.61 3587
264.28 3586
264.97 3583
265.66 3587
266.33 3558
267.02 3565
267.7 3565
268.39 3572
269.06 3577
269.75 3580
270.44 3552
271.12 3562
271.81 3562
272.48 3588
273.17 3581
273.86 3586
274.55 3582
275.22 3586
275.91 3583
276.59 3602
277.28 3593
277.97 3596
278.64 3626
279.33 3622
280.02 3613
280.7 3622
281.38 3308
282.06 3283
282.75 3595
283.44 3632
284.12 3639
284.8 3673
289.59 3781
310.66 4828
311.34 4806
312.03 4874
312.72 5039
314.22 3317
316.28 3215
316.95 3189
317.64 3154
318.33 3082
319.02 3060
319.7 3004
320.39 3000
7.59 7375
8.28 7165
8.98 7184
9.67 7194
10.36 7268
11.06 7273
11.75 7370
52.75 7697
59.72 7170
60.41 7136
61.11 7088
61.8 7060
62.5 7036
63.19 7175
81.27 6279
99.59 272
99.67 275
100.38 262
103.58 174
104.27 175
104.97 178
106 235
107.77 218
107.8 220
108.47 219
109.86 219
110.56 218
111.27 213
111.97 212
114.83 254
127.41 286
139.3 281
140.5 285
146.83 335
151.94 390
156.83 482
157.78 478
158.23 477
158.94 474
159.89 474
160.59 471
161.19 470
161.89 467
162.59 467
163.42 466
164 465
164.83 460
165.41 459
166.25 458
167.08 457
167.78 457
168.36 455
169.06 453
169.89 452
170.36 451
171.31 451
172.14 450
172.47 450
173.17 450
174.12 451
174.59 449
175.67 448
176.38 448
176.83 446
177.53 448
178.48 434
181.31 448
181.64 448
182.36 449
183.19 450
183.89 451
184.84 451
185.3 451
186.02 451
186.72 453
187.42 455
188.25 454
188.83 454
189.41 454
190.38 455
190.83 458
191.66 460
192.48 461
193.06 462
193.91 462
194.61 465
195.06 466
196.59 470
197.19 460
198.61 469
199.19 478
199.91 489
202.05 486
206.95 382
209.72 344
210.81 346
211.02 348
211.73 349
216.34 287
216.8 288
221.05 292
221.89 293
222.22 304
227.39 3023
228.09 3051
228.47 281
229.06 283
234.53 3600
235.23 3652
235.95 3719
236.67 3819
237.27 3881
237.97 3976
238.69 4026
239.41 4116
248.39 260
252.53 251
252.8 381
263.16 3595
263.88 3592
264.59 3566
265.31 3557
266.03 3578
266.75 3571
267.47 3569
268.19 3552
268.91 3568
269.62 3564
270.34 3578
271.06 3571
271.78 3565
272.5 3582
273.22 3582
273.94 3599
274.67 3571
275.39 3578
276.11 3587
276.83 3588
277.55 3602
278.27 3599
278.98 3612
279.7 3628
280.42 3612
281.14 3312
281.86 3293
284.02 3664
310.44 4832
311.16 4806
311.88 4813
312.59 5017
314.16 3331
316.31 3208
317.03 3187
319.91 3002
320.62 2996
323.38 5957
324.69 6328
357.91 13748
6.48 7527
7.2 7427
7.94 7184
8.66 7184
9.38 7209
10.11 7254
10.83 7273
11.55 7370
52.95 7653
60.22 7136
60.95 7102
61.67 7041
62.41 7032
63.12 7060
81.34 6283
103.55 174
104.28 175
105 178
106.47 230
106.8 218
108.66 219
108.86 219
109.02 220
109.72 218
111.58 211
112.3 213
127.56 282
127.67 289
139.72 282
140.31 281
146.77 332
152.12 389
157.23 480
158.09 481
158.58 475
159.31 474
160.05 473
160.78 471
161.5 470
162.48 465
163.09 467
163.7 463
164.81 463
165.3 463
166.28 460
166.77 456
167.5 457
168.48 455
168.97 453
169.95 452
170.56 452
171.42 452
172.03 451
172.77 450
173.5 449
174.23 451
174.97 449
175.95 447
176.69 447
177.17 448
177.91 447
179.02 436
180.97 449
181.58 449
182.56 450
183.17 450
183.78 450
184.77 449
185.5 449
185.98 450
186.84 454
187.45 452
188.31 455
189.06 454
189.8 456
190.28 457
191.14 458
192 460
192.5 462
193.36 463
193.84 464
194.7 464
195.31 467
196.06 468
196.8 464
197.78 468
198.64 461
199 477
199.98 480
201.95 481
202.81 492
207.38 380
210.09 344
210.45 345
211.33 349
215.66 288
216.16 287
220.22 360
221.58 291
223.06 295
227.58 3029
228.31 3061
228.38 285
234.98 3611
235.73 3673
236.34 3768
237.22 3828
237.83 3930
238.58 4006
239.31 4106
247.53 260
252.97 254
255.2 248
256.94 251
263.22 3586
263.97 3575
264.72 3565
265.45 3598
266.2 3589
266.95 3572
267.69 3563
268.44 3571
269.19 3571
269.92 3566
270.67 3560
271.42 3565
272.16 3580
272.91 3580
273.66 3572
274.39 3587
275.14 3594
275.89 3570
276.64 3578
277.38 3596
278.12 3604
278.86 3598
279.61 3615
280.34 3629
281.09 3294
281.83 3305
284.06 3632
284.8 3662
310.7 4843
311.45 4821
312.2 4989
312.94 5080
313.81 3314
316.05 3222
316.8 3199
317.53 3160
318.28 3075
319.03 3062
319.77 3004
320.52 3003
324.73 6355
333.67 8406
357.8 13748
6.55 7549
7.3 7437
8.05 7175
8.8 7219
9.55 7244
10.3 7278
11.05 7268
11.8 7375
37.3 10320
53.08 7598
60.59 7112
61.34 7122
62.09 7069
62.84 7074
74.86 6907
80.88 6279
81.62 6250
99.91 277
103.55 174
104.3 175
105.05 178
107.42 219
109.56 220
110.31 219
110.69 211
110.81 217
112.56 215
114.83 252
127.61 283
128.25 289
134.27 357
139.28 280
140.8 283
146.97 330
147.84 338
152.25 391
157.42 481
158.3 479
159.06 476
159.94 474
160.69 472
161.58 469
162.08 467
163.09 465
163.47 464
164.36 464
165.36 459
165.86 459
166.88 458
167.5 456
168.39 455
169.14 453
169.91 453
170.41 452
171.42 452
172.05 451
172.8 451
173.56 449
174.56 448
175.2 449
176.08 447
176.72 447
177.47 447
178.09 447
178.86 438
179.61 470
180.25 450
181.25 448
181.89 448
182.52 449
183.41 449
184.16 450
185.05 451
185.56 451
186.45 451
187.2 453
188.09 453
188.86 453
189.5 455
190.12 455
191.02 458
191.91 460
192.42 462
193.17 463
193.94 462
194.83 465
195.47 469
196.34 470
197.11 458
198 468
198.77 463
199.14 478
200.03 479
202.19 486
209.78 345
210.17 344
211.31 345
211.7 350
216.02 288
220 360
221.77 291
223.02 296
227.2 3035
227.97 3034
228.5 283
229.27 283
234.86 3604
235.62 3669
236.39 3750
237.16 3821
237.81 3935
238.58 4003
239.34 4105
248.91 260
250.83 225
262.5 3583
263.28 3578
264.05 3572
264.81 3580
265.58 3576
266.36 3565
267.12 3569
267.89 3578
268.66 3580
269.44 3569
270.2 3570
270.97 3576
271.73 3580
272.52 3566
273.28 3577
274.05 3583
274.81 3584
275.59 3586
276.36 3594
277.12 3594
277.89 3596
278.67 3600
279.44 3611
280.2 3609
281.75 3304
282.52 3294
284.05 3657
284.83 3700
285.59 3737
310.88 4859
311.64 4852
312.41 4994
313.19 5087
314.08 3325
316.39 3220
317.16 3189
320.23 2990
323.08 5934
324.61 6340
5.5 13784
7.83 7289
8.61 7224
9.38 7199
10.16 7209
10.94 7258
11.7 7365
52.89 7692
59.91 7136
60.69 7112
61.47 7098
63.02 7050
80.94 6313
99.3 276
103.36 177
104.12 175
104.91 177
105.97 239
107.27 218
108.05 218
109.58 219
109.73 219
110.39 215
111.92 212
127.45 285
128.61 289
133.7 297
139.56 282
140.22 279
147 330
147.78 327
152.12 394
157.09 486
157.88 483
158.78 479
159.44 473
160.09 472
160.88 470
161.91 470
162.69 467
163.34 467
164.38 463
165.03 461
165.94 461
166.59 458
167.38 456
168.16 456
168.94 454
169.86 453
170.64 452
171.55 451
172.08 449
172.98 449
173.64 448
174.42 449
175.33 450
175.86 449
176.89 448
177.67 448
178.58 439
180.67 449
181.33 449
182.25 448
183.16 450
183.69 450
184.72 450
185.5 450
186.16 451
187.06 452
187.97 453
188.62 453
189.41 455
190.19 455
190.97 458
191.5 460
192.28 461
193.19 461
193.84 462
194.64 466
195.67 468
196.34 471
197.12 458
197.92 472
198.7 466
199.38 478
202.41 488
207.48 380
209.86 346
210.53 345
211.81 343
215.98 288
216.27 288
220.02 360
222.19 291
222.47 294
227.58 3049
228.36 3058
228.5 283
234.69 3620
235.47 3676
236.27 3750
236.94 3815
237.72 3920
238.52 3988
239.3 4111
252.33 231
253.45 248
255.83 250
263.16 3592
263.94 3584
264.73 3571
265.53 3593
266.31 3575
267.11 3576
267.91 3581
268.69 3588
269.48 3572
270.28 3581
271.08 3580
271.88 3563
272.67 3582
273.47 3557
274.27 3568
275.05 3580
275.84 3581
276.64 3596
277.44 3594
278.23 3599
279.03 3616
279.83 3611
280.62 3620
281.41 3315
282.2 3306
283 3626
283.8 3629
310.64 4859
311.42 4824
312.22 4982
313.02 5066
316.3 3226
317.09 3191
317.89 3118
320.27 3017
324.78 6355
357.75 13748
5.23 13748
7.61 7448
8.41 7219
9.2 7224
10 7244
10.8 7263
11.59 7396
37.25 10320
53.25 7511
60.45 7150
61.25 7117
62.05 7074
62.84 7079
81.25 6253
99.44 276
100.86 271
104.09 175
104.89 177
106.5 235
107.59 218
108.89 219
109.45 220
110.5 218
110.97 212
111.3 214
128.38 289
133.47 297
138.83 282
140.25 285
147.03 335
152.16 389
157.03 482
157.7 478
158.64 475
159.44 474
160.36 472
161.3 471
161.97 468
162.53 466
163.7 465
164.27 463
165.31 461
166.12 458
166.92 457
167.47 456
168.41 455
169.45 454
170.27 453
170.81 451
171.5 453
172.67 451
173.22 450
174.16 448
174.7 449
175.89 448
176.56 447
177.25 448
178.17 447
178.86 442
179.66 470
180.7 449
181.14 449
182.06 448
183 450
183.8 450
184.73 450
185.16 450
186.33 450
186.77 453
187.69 454
188.75 455
189.42 455
190.23 457
190.91 458
191.84 459
192.52 460
193.33 462
194.27 463
194.95 465
195.77 467
196.44 470
197.38 460
198.75 473
199.81 480
202.11 486
202.92 496
209.84 345
210.39 344
211.7 347
215.31 287
216.25 287
220.48 360
222.67 291
223.23 297
227.84 3047
228.28 284
235.14 3624
235.95 3706
236.77 3812
237.58 3905
238.39 3962
239.08 4088
248.69 260
252.25 232
252.56 248
255.38 250
256.94 247
262.73 3596
263.55 3557
264.36 3584
265.17 3576
265.98 3576
266.8 3576
267.61 3569
268.42 3592
269.23 3587
270.05 3570
270.86 3584
271.67 3572
272.48 3563
273.31 3580
274.12 3575
274.94 3593
275.75 3584
276.56 3602
277.38 3615
278.19 3589
279 3602
279.83 3627
280.64 3606
281.45 3301
282.27 3304
283.08 3627
283.89 3626
310.59 4837
311.41 4808
312.22 4979
313.03 5063
317.22 3189
318.03 3113
318.84 3075
319.66 3050
320.47 3006
323.47 5964
6.64 7554
7.47 7490
8.28 7184
9.09 7239
9.91 7254
10.73 7268
11.55 7354
53.23 7511
60.59 7131
61.42 7088
63.06 7036
81.08 6246
103.69 170
104.27 175
105.08 178
107.72 219
109.17 219
109.98 219
110.5 211
110.8 218
112.44 214
118.02 3971
128.3 288
139.75 281
140.19 285
146.92 331
147.25 331
157.48 481
158.31 477
159.12 473
160.08 472
160.77 471
161.97 469
162.78 464
163.61 462
164.17 463
165.25 460
165.94 459
166.89 458
167.45 456
168.66 455
169.22 454
170.17 453
171.12 452
171.69 452
172.64 450
173.45 449
174.28 450
175.09 450
175.8 449
176.86 448
177.69 447
179.77 484
181.53 448
182.36 449
183.05 451
184.25 450
184.94 451
185.77 451
186.45 450
187.41 453
188.22 452
189.17 453
189.73 455
190.56 457
191.5 458
191.95 461
193.14 462
193.84 463
194.53 464
195.36 466
196.3 470
197.25 457
197.94 473
198.77 468
199.59 477
202.08 485
202.64 490
210.05 343
210.38 345
211.7 348
215.62 288
216.58 288
222.36 293
227.41 3044
228.23 3057
228.52 282
229.22 282
234.84 3602
235.67 3679
236.5 3765
237.33 3835
238.03 3971
238.86 4035
247.8 257
253.14 245
257.11 248
262.95 3562
263.78 3589
264.61 3578
265.44 3565
266.27 3581
267.09 3574
267.91 3578
268.73 3571
269.56 3575
270.39 3580
271.22 3570
272.05 3577
272.88 3566
273.7 3578
274.53 3584
275.36 3572
276.19 3599
277.02 3598
277.84 3602
278.67 3612
279.5 3600
280.33 3626
281.16 3320
281.98 3313
282.81 3616
283.64 3634
288.5 3764
310.86 4852
311.69 4852
312.52 4994
314.3 3325
316.78 3196
317.61 3175
318.44 3090
319.27 3060
320.09 2985
324.81 6340
5.38 13748
7.86 7324
8.69 7184
9.53 7184
10.36 7254
11.19 7263
12.02 7324
31.14 11976
60.25 7170
61.08 7102
61.91 7074
62.73 7046
63.56 7365
81.03 6317
99.59 277
103.64 175
104.47 175
107.38 219
108.2 220
110.28 219
111.12 217
111.95 211
127.38 286
139.98 282
140.56 285
147.28 329
147.61 330
151.95 383
157.03 486
157.86 480
158.83 479
159.53 474
160.5 472
161.08 470
162.05 469
162.88 465
163.84 464
164.55 461
165.39 461
166.22 458
167.31 458
167.89 455
168.73 454
169.7 453
170.53 452
171.38 452
172.33 450
173.05 449
174 449
174.97 449
175.8 448
176.52 448
177.47 448
178.19 447
179.14 439
179.61 475
181.41 448
182.25 447
183.08 450
184.05 449
184.77 450
185.59 451
186.69 452
187.41 452
188.23 453
189.08 455
189.8 454
190.75 457
191.34 458
192.44 460
193.27 460
193.86 461
194.83 465
195.55 466
196.38 468
197.34 458
198.06 471
198.89 471
199.61 480
202 488
207.19 375
209.84 346
211.17 345
211.52 349
215.88 287
220.17 361
222.5 290
223.09 295
228.17 3051
234.89 3602
235.73 3667
236.45 3768
237.42 3871
238.14 3974
238.98 4083
247.72 262
250.75 227
254.78 252
256.69 248
256.91 258
263.55 3556
264.39 3583
265.23 3589
266.08 3580
266.94 3558
267.78 3570
268.62 3576
269.47 3575
270.31 3586
271.16 3575
272 3580
272.84 3583
273.7 3580
274.55 3599
275.39 3586
276.23 3596
277.08 3584
277.92 3596
278.77 3602
279.61 3604
280.47 3616
281.31 3291
282.16 3311
283 3616
283.84 3634
310.67 4837
311.52 4813
312.36 4996
313.2 5127
315.02 3314
316.7 3193
317.55 3182
318.39 3069
319.23 3044
320.2 2974
320.92 3003
357.89 13659
5.47 13748
8.02 7184
8.86 7184
9.7 7224
10.56 7254
11.41 7304
26.73 13892
53.09 7603
59.89 7165
60.75 7146
61.59 7079
62.45 7032
63.3 7155
81.17 6250
99.94 270
104.12 175
104.97 177
108.23 220
108.58 220
110.19 218
111.78 211
112.64 215
127.62 289
139.64 283
146.67 338
147.39 339
151.89 384
157.25 481
157.97 478
158.83 477
159.81 474
160.8 470
161.77 468
162.38 467
163.36 465
164.08 463
165.19 460
165.92 459
166.89 459
167.62 457
168.48 454
169.33 455
170.31 453
171.05 452
171.89 451
172.62 450
173.73 449
174.72 449
175.19 450
176.05 448
177.02 448
177.75 448
178.98 440
179.58 464
180.31 450
181.3 449
182.14 449
183.25 451
184.09 450
184.7 452
185.81 451
186.41 451
187.39 453
188.12 454
188.97 454
189.95 455
190.67 459
191.41 459
192.27 460
193.11 461
194.09 463
194.95 465
195.92 468
196.66 471
197.38 463
198.48 462
199.22 478
199.69 483
202.39 489
209.94 345
210.67 344
211.41 343
216.11 288
219.8 357
222.03 290
222.28 295
227.53 3047
228.33 281
228.39 3064
235.27 3618
236.14 3722
237 3819
237.73 3914
238.59 3993
239.45 4103
252.33 254
255.66 248
257.64 255
262.84 3596
263.72 3583
264.58 3562
265.44 3574
266.3 3584
267.17 3571
268.03 3568
268.89 3562
269.77 3571
270.62 3575
271.48 3576
272.34 3587
273.22 3600
274.08 3588
274.94 3584
275.81 3594
276.67 3574
277.53 3582
278.39 3610
279.27 3609
280.12 3637
281.86 3303
283.58 3613
284.44 3649
288.75 3771
311.06 4785
311.92 4808
312.78 5029
313.78 3317
316.36 3223
317.22 3193
318.09 3112
318.95 3079
320.67 3004
324.73 6340
357.86 13748
5.27 13748
7.88 7184
8.73 7224
9.61 7229
10.47 7234
11.34 7289
53.06 7641
60.03 7160
60.89 7122
61.77 7088
62.62 7013
63.5 7146
80.84 6309
81.72 6276
99.61 281
104.09 176
104.97 177
108.44 219
109.31 220
110.17 219
110.92 217
111.91 211
127.77 285
139.81 282
140.67 285
147.25 325
147.88 337
152.08 389
157.42 486
158.28 479
159.28 475
160.28 471
161.02 470
162.14 469
163 467
163.88 466
164.5 464
165.61 462
166.36 459
167.11 458
168.22 456
168.84 454
169.95 453
170.83 453
171.7 451
172.44 450
173.56 450
174.19 450
175.05 450
176.05 449
176.8 448
177.53 448
178.91 438
179.41 453
180.28 449
181.27 448
182.27 447
182.89 449
183.62 450
184.88 450
185.38 451
186.38 452
187.23 453
188.36 453
188.86 455
189.84 456
190.72 458
191.47 459
192.47 460
193.33 461
194.08 465
194.95 466
196.81 470
197.69 466
198.44 461
199.17 475
200.17 485
202.05 485
202.55 492
207.44 376
210.33 347
210.83 346
212.2 344
215.72 287
216.97 288
221.88 291
222.25 294
227.42 3060
228.3 3053
228.66 283
235.31 3636
236.19 3724
237.06 3813
237.94 3921
238.7 3999
239.58 4124
247.2 264
251.47 234
253.22 359
253.59 253
262.53 3600
263.41 3583
264.28 3580
265.16 3587
266.05 3582
266.92 3588
267.8 3555
268.67 3574
269.56 3572
270.44 3582
271.31 3575
272.19 3583
273.08 3570
273.95 3587
274.83 3576
275.7 3588
276.59 3609
277.47 3609
278.34 3607
279.22 3617
280.11 3626
281.86 3315
283.62 3631
284.5 3644
289.77 3782
310.72 4843
311.61 4835
312.48 5027
314.36 3320
317 3198
320.52 3008
6.72 7511
7.59 7485
8.47 7224
9.36 7184
10.23 7268
11.12 7289
12.02 7380
60.61 7155
61.48 7098
63.25 7131
80.89 6184
99.38 276
101.02 270
103.52 176
104.39 175
105.28 179
108.8 218
109.69 219
110.56 218
111.44 213
112.33 212
127.81 284
128.33 290
139.41 282
141.28 279
146.95 329
152.25 392
157.69 481
158.83 478
159.7 473
160.34 473
161.47 470
162.48 469
163.12 467
164.12 464
165.14 460
165.78 460
166.66 458
167.55 457
168.42 455
169.56 453
170.33 454
171.2 452
172.34 451
172.98 450
174.11 449
174.75 449
175.75 448
176.52 449
177.53 448
178.28 437
178.42 595
179.94 489
181.83 449
182.59 449
183.73 449
184.48 450
185.25 451
186.27 451
187.28 451
188.16 454
189.05 453
189.81 455
190.7 458
191.58 459
192.47 461
193.23 461
194 463
195.25 465
196.78 471
197.67 466
198.55 462
199.56 477
202.86 492
207.41 377
209.44 353
210.69 345
211.08 346
215.88 287
216.77 288
220.2 358
222.22 290
223.11 296
227.88 3036
228.94 284
229.83 285
234.98 3600
235.88 3679
236.64 3794
237.53 3900
238.42 3959
239.31 4113
252.58 250
255.5 249
257.52 259
262.59 3599
263.48 3562
264.38 3581
265.27 3575
266.16 3594
267.05 3575
267.94 3582
268.83 3559
269.72 3572
270.61 3565
271.5 3577
272.41 3568
273.3 3581
274.19 3582
275.08 3583
275.97 3581
276.86 3593
277.75 3605
278.64 3612
279.53 3604
280.42 3620
281.31 3294
282.22 3310
283.11 3623
284 3620
284.89 3670
286.67 3762
287.56 3762
310.58 4837
311.47 4811
312.36 4996
313.25 5112
314.27 3336
315.16 3314
316.94 3189
317.83 3169
320.48 3005
357.97 13748
6.56 7549
7.47 7370
8.36 7219
9.25 7249
10.14 7258
11.03 7273
11.92 7354
60.25 7175
61.14 7122
62.05 7064
62.94 7079
80.83 6294
81.72 6298
100.11 276
101.89 246
103.66 174
104.55 175
105.34 234
108.12 218
109.02 219
109.55 219
110.81 217
111.7 211
112.59 215
128.09 289
139.72 280
140.73 282
147.02 330
147.41 341
152.16 392
157.78 481
158.94 477
159.83 474
160.72 472
161.61 470
162.64 467
163.41 465
164.42 463
165.06 461
166.22 460
167.11 457
167.88 457
168.91 454
169.67 453
170.81 452
171.72 451
172.48 450
173.25 449
174.16 449
175.17 450
176.06 449
176.97 448
177.61 448
178.88 438
179.64 455
181.44 448
182.2 449
183.11 450
184 450
184.77 452
185.92 451
186.56 451
187.83 454
188.61 455
189.38 453
190.14 457
191.05 458
192.06 460
192.84 461
194 462
194.91 464
195.55 467
196.58 471
197.61 461
198.39 462
199.16 477
199.81 482
202.77 488
207.12 376
210.09 347
211.36 346
215.34 288
216.62 292
220.14 358
222.42 290
222.56 295
228.09 3035
228.34 283
229.38 285
230.64 285
234.41 3600
235.31 3652
236.2 3723
237.11 3810
237.89 3930
238.78 4009
248.89 260
251.59 237
252.8 261
254.86 251
255.77 254
263.31 3592
264.22 3558
265.12 3572
266.03 3558
266.94 3558
267.84 3568
268.75 3575
269.66 3569
270.56 3563
271.47 3587
272.38 3584
273.28 3588
274.19 3583
275.09 3593
275.98 3581
276.89 3592
277.8 3600
278.7 3604
279.59 3618
280.5 3634
281.41 3317
282.31 3300
283.22 3633
284.11 3662
285.02 3693
287.72 3762
288.62 3766
311.08 4772
311.98 4824
312.89 5041
313.91 3316
316.62 3207
317.53 3183
318.44 3075
320.23 3003
321.14 3010
7.81 7469
8.72 7224
9.62 7239
10.53 7249
11.44 7304
53.17 7554
60.44 7160
61.34 7107
62.25 7107
63.16 7060
81.28 6253
99.45 275
100.36 272
104.3 175
105.2 178
108.48 220
108.83 218
110.14 218
111.55 212
112.45 213
128.19 289
139.58 282
146.84 333
157.62 486
158.41 478
159.58 475
160.36 473
161.14 470
162.17 467
163.2 464
163.98 464
164.64 463
165.92 461
166.83 458
167.73 457
168.52 455
169.56 455
170.59 452
171.25 452
172.03 451
173.31 449
174.09 449
175.12 449
175.91 449
176.94 447
177.59 448
178.64 433
179.55 440
180.2 450
181.23 449
182.28 448
182.94 450
183.97 451
184.88 452
185.8 451
186.7 451
187.86 454
188.64 454
189.44 454
190.34 455
191.25 457
192.28 460
193.08 460
193.86 462
194.77 465
195.92 469
196.72 469
197.75 463
198.66 461
199.19 476
200.11 487
202.7 497
207.59 381
209.55 346
210.33 346
211.38 347
216.39 289
221.23 289
222.41 294
227.69 3043
229.16 282
234.98 3604
235.89 3696
236.69 3798
237.72 3897
238.52 3979
239.42 4097
251.03 225
263.3 3600
264.2 3583
265.12 3580
266.03 3571
266.95 3582
267.86 3563
268.78 3583
269.69 3574
270.61 3577
271.53 3570
272.44 3568
273.36 3578
274.27 3577
275.19 3594
276.09 3590
277.02 3602
277.94 3602
278.84 3615
279.77 3609
280.67 3620
281.59 3314
282.5 3299
284.33 3645
285.25 3705
289.7 3784
310.66 4837
311.56 4835
312.48 4991
317.16 3187
318.06 3110
318.98 3075
319.89 3011
320.8 2988
357.86 13748
8.05 7165
8.95 7219
9.88 7229
10.78 7263
11.7 7375
60.23 7165
61.16 7083
62.06 7093
62.98 7098
81.3 6261
99.95 275
100.88 270
103.78 170
104.45 175
106.28 234
108.11 218
109.02 219
109.94 219
110.52 211
110.84 218
112.67 215
127.28 284
139.89 282
139.94 285
146.88 338
152.27 394
157.27 482
158.17 478
159.09 475
160.12 472
160.92 471
161.83 469
162.75 468
163.91 466
164.83 462
165.48 462
166.66 458
167.31 457
168.48 455
169.28 454
170.06 453
170.97 452
172.02 451
173.17 449
174.09 448
174.75 449
175.67 448
176.83 448
177.48 447
178.41 439
181.14 449
182.06 448
182.97 449
183.77 450
184.8 451
185.58 452
186.62 452
187.66 454
188.58 455
189.36 455
190.16 456
191.06 458
191.97 460
193.02 460
194.05 461
194.84 465
195.62 469
196.42 470
197.7 463
198.38 461
199.41 475
200.33 485
202.05 486
207.53 382
209.61 346
210.78 345
211.7 349
215.77 290
221.78 290
222.83 295
227.95 3034
228.61 282
228.78 283
235.31 3634
236.23 3723
237.16 3812
237.95 3940
238.88 4027
253.53 249
256.3 248
257.47 259
263.86 3578
264.78 3568
265.7 3588
266.62 3570
267.55 3564
268.47 3574
269.39 3576
270.31 3581
271.23 3572
272.16 3582
273.08 3580
274 3599
274.92 3582
275.84 3593
276.77 3599
277.69 3599
278.61 3606
279.53 3613
280.45 3613
281.38 3302
282.3 3310
283.22 3633
284.14 3642
285.05 3698
310.62 4841
311.55 4830
312.47 5020
317.19 3189
318.11 3119
319.02 3081
319.94 3009
357.98 13748
5.64 13748
6.56 7538
7.47 7427
8.39 7184
9.31 7239
10.23 7263
11.16 7258
12.08 7360
26.81 13712
52.59 7731
60.89 7126
61.81 7069
62.73 7060
63.66 7354
81.17 6291
99.83 274
100.88 271
104.69 231
105.39 237
107.41 218
107.94 219
108.73 219
110.91 218
111.81 211
112.73 216
127.91 285
140.14 284
140.22 280
147.25 332
157.58 486
158.5 479
159.42 475
160.22 473
161.52 469
162.19 469
163.34 466
163.89 464
164.94 461
165.86 460
167.02 458
167.94 455
168.73 454
169.78 453
170.45 452
171.48 452
172.53 451
173.33 448
174.12 450
175.41 449
176.33 449
177.25 448
177.92 448
178.97 438
179.75 471
180.67 449
181.84 448
182.39 449
183.42 448
184.59 450
185.39 450
186.19 450
186.98 452
188.02 452
188.94 454
189.98 456
190.91 458
191.83 461
192.5 460
193.55 461
194.34 464
195.27 466
196.19 470
197.11 458
198.97 473
199.89 479
202.41 485
209.08 356
210.5 346
211.3 346
216.38 288
220.53 369
222.2 294
227.77 3033
229.06 287
235.17 3611
236.09 3713
236.91 3808
237.83 3912
238.75 4006
239.67 4126
247.45 260
252.45 244
255.48 247
257.28 257
262.95 3546
263.88 3581
264.81 3577
265.73 3584
266.66 3568
267.58 3575
268.52 3584
269.44 3577
270.36 3580
271.3 3574
272.22 3582
273.14 3575
274.06 3589
275 3586
275.92 3584
276.84 3600
277.78 3600
278.7 3612
279.62 3599
280.55 3611
281.47 3296
282.39 3297
284.23 3629
285.17 3692
310.91 4863
311.83 4824
312.75 5027
313.8 3318
314.72 3314
316.56 3211
317.5 3187
318.42 3088
319.34 3053
320.27 3022
7.97 7304
8.91 7184
9.83 7224
10.75 7244
11.69 7360
52.45 7697
60.78 7170
61.72 7074
62.64 7041
63.56 7184
81.16 6228
99.36 274
102.67 236
103.59 174
104.31 241
104.52 175
106.83 218
109.12 219
110.05 219
110.97 217
111.89 211
127.98 286
139.86 283
147.3 335
152.08 389
157.8 481
158.72 477
159.77 474
160.56 471
161.86 469
162.8 466
163.59 466
164.39 463
165.31 461
166.48 458
167.17 458
168.22 457
169.27 453
170.06 453
170.86 452
172.17 451
172.84 450
173.77 449
174.69 447
175.73 448
176.53 447
177.59 447
178.77 436
181.28 448
182.22 448
183.02 450
183.94 450
184.86 452
185.78 450
186.59 452
187.89 453
188.7 454
189.5 455
190.56 456
191.23 458
192.17 462
193.22 460
194.16 463
195.08 465
196.94 470
197.75 468
198.8 465
199.48 478
202.41 488
210.03 345
211.22 346
211.77 349
216.06 287
217.11 287
220.52 358
221.83 292
227.67 3041
228.95 283
235.12 3612
236.05 3713
236.86 3805
237.91 3922
238.72 4002
239.64 4119
252.22 252
255.64 248
256.7 258
264.02 3583
264.94 3581
265.88 3580
266.81 3578
267.73 3562
268.67 3574
269.61 3571
270.53 3569
271.47 3580
272.41 3562
273.34 3587
274.27 3582
275.2 3600
276.14 3594
277.06 3584
278 3600
278.94 3613
279.86 3636
280.8 3629
281.73 3312
283.59 3632
310.53 4826
311.45 4776
312.39 4989
313.33 5132
315.31 3314
317.19 3194
318.12 3112
319.05 3080
319.98 3010
320.92 3006
323.59 5957
357.83 13748
5.36 13748
8.17 7214
9.09 7180
10.03 7254
10.97 7254
11.91 7385
37.17 10341
59.67 7136
60.61 7126
61.55 7074
63.42 7150
81.22 6220
99.56 276
103.81 175
104.75 175
108.44 220
108.5 219
110.36 219
111.3 215
112.23 212
127.41 284
140.03 280
140.34 279
147.17 335
152.16 389
157.83 480
158.89 475
159.7 475
161.02 471
161.58 470
162.77 465
163.83 464
164.64 462
165.7 461
166.39 458
167.33 456
168.27 456
169.33 454
170.52 454
171.33 452
172.14 450
173.08 449
174.27 450
174.83 449
175.89 449
176.83 448
177.77 448
178.95 438
179.39 466
180.83 449
181.52 449
182.45 450
183.52 448
184.45 451
185.28 450
186.34 450
187.16 452
188.22 453
189.17 453
189.86 456
190.92 458
191.86 460
192.81 461
193.75 464
194.69 465
195.52 467
196.7 469
197.64 461
198.33 462
199.41 475
199.97 486
202.23 486
203.05 489
207.44 384
209.7 345
210.64 345
212.08 350
215.91 287
216.47 287
220.31 357
221.62 291
227.75 3040
228.84 285
235.28 3627
236.22 3722
237.05 3808
237.98 3946
238.92 4017
253.06 373
254.17 253
256.75 252
262.66 3594
263.59 3571
264.55 3582
265.48 3560
266.42 3565
267.38 3572
268.31 3571
269.27 3577
270.2 3572
271.16 3580
272.09 3580
273.05 3572
273.98 3587
274.94 3582
275.88 3583
276.83 3593
277.77 3598
278.72 3602
279.66 3618
280.61 3621
281.55 3326
282.5 3290
284.39 3639
310.72 4848
311.66 4835
312.61 4998
317.45 3193
318.41 3099
319.34 3060
320.28 3010
357.91 13748
5.3 13748
8.14 7184
9.09 7184
10.05 7229
10.98 7254
11.94 7349
52.72 7703
60.31 7160
61.25 7117
62.2 7079
63.16 7027
67.89 6889
81.16 6253
103.94 175
104.89 175
108.66 219
109.59 220
110.55 219
111.48 213
112.42 213
128.22 286
140.53 285
146.73 329
157.69 486
158.62 479
159.58 475
160.89 473
161.59 471
162.66 468
163.73 463
164.67 463
165.38 460
166.44 458
167.39 457
168.45 455
169.41 454
170.22 454
171.17 453
172.23 451
173.19 450
174 449
175.08 449
175.89 448
176.97 448
177.78 448
178.98 438
179.55 464
180.88 449
181.69 450
182.64 450
183.45 448
184.41 450
185.22 451
186.17 451
187.48 454
188.19 454
189 455
190.08 456
190.91 459
191.98 460
193.06 460
193.77 463
194.7 465
195.91 469
196.73 470
197.81 464
198.77 462
199.59 476
202.19 486
210.09 346
210.92 345
212.38 350
215.97 288
221.31 291
223.02 294
227.98 284
228.25 3044
229.06 286
234.92 3605
235.88 3677
236.83 3806
237.78 3901
238.61 3988
239.56 4113
248.05 260
252.81 245
263.53 3586
264.48 3578
265.44 3562
266.39 3576
267.34 3571
268.3 3565
269.25 3586
270.2 3558
271.16 3575
272.11 3577
273.06 3583
274.02 3584
274.97 3577
275.92 3580
276.89 3596
277.83 3600
278.78 3620
279.73 3624
280.69 3631
281.64 3321
282.59 3283
284.5 3645
311.98 4817
312.94 5027
314.02 3317
316.88 3199
317.81 3170
320.67 3001
7.94 7304
8.89 7180
9.84 7244
10.8 7258
11.77 7370
59.56 7349
60.52 7175
61.47 7088
63.38 7160
81.5 6313
99.03 281
105.42 232
107.72 219
109.17 219
110.12 219
111.08 217
112.03 212
127.64 284
139.66 284
146.66 323
157.8 486
158.88 478
159.7 473
160.78 472
161.61 470
162.81 466
163.41 466
164.48 464
165.44 462
166.64 458
167.59 456
168.67 456
169.5 453
170.33 453
171.41 452
172.11 450
173.44 448
174.14 450
175.22 450
176.05 450
177.12 447
178.08 448
179.16 440
179.61 476
180.81 450
181.89 449
182.72 449
183.8 449
184.62 450
185.7 451
186.66 452
187.61 454
188.56 454
189.39 455
190.34 456
191.3 458
192.12 460
193.2 461
194.03 464
194.86 467
197.16 458
197.98 471
198.7 470
199.91 479
202.55 490
207.27 377
209.94 347
210.64 347
211.59 348
216.31 288
219.88 357
222.33 291
223.17 288
227.89 3034
229.42 286
234.62 3600
235.58 3665
236.55 3746
237.5 3868
238.33 3963
239.3 4102
252.56 236
253.69 259
256.08 257
257.61 248
263.45 3600
264.42 3586
265.38 3566
266.34 3583
267.3 3577
268.27 3575
269.23 3584
270.19 3582
271.16 3588
272.11 3590
273.08 3575
274.05 3586
275 3578
275.97 3578
276.92 3590
277.89 3602
278.86 3613
279.81 3624
280.78 3620
281.73 3327
282.7 3290
283.67 3613
310.38 4813
311.33 4798
312.3 4984
313.25 5097
314.34 3322
315.3 3314
317.22 3198
318.19 3122
319.14 3085
320.11 3010
321.06 3017
6.89 7517
7.86 7432
8.81 7224
9.77 7229
10.73 7283
11.69 7375
53.08 7748
59.81 7170
60.77 7150
61.73 7117
62.7 7079
63.66 7314
80.97 6279
99.78 277
103.95 176
104.92 176
107.62 219
108.34 220
110.67 218
111.64 211
112.59 214
128.2 291
139.84 281
157.66 486
158.86 478
159.83 473
160.78 472
161.75 469
162.58 466
163.67 466
164.62 462
165.72 462
166.42 458
167.64 458
168.47 456
169.31 455
170.27 454
171.23 452
172.33 450
173.53 448
174.48 450
175.33 450
176.41 449
177.36 448
178.08 447
179.03 445
180 481
180.95 450
181.91 448
182.75 449
183.95 449
184.78 451
185.75 451
186.58 451
187.8 454
188.5 453
189.45 455
190.55 456
191.5 458
192.58 461
193.55 461
194.5 465
195.47 465
196.3 470
197.12 457
198.22 470
199.17 475
199.75 482
202.89 496
207.39 379
209.83 344
210.92 344
211.64 348
215.42 287
217.14 290
222.33 294
228.36 3063
228.52 283
229.23 282
235.14 3618
236.11 3702
236.95 3805
238.05 3921
238.89 4015
254.2 255
263.19 3598
264.16 3578
265.12 3588
266.09 3574
267.06 3577
268.03 3577
269 3568
269.97 3568
270.94 3581
271.91 3578
272.88 3587
273.84 3571
274.81 3574
275.78 3583
276.75 3589
277.72 3595
278.69 3616
279.66 3613
280.62 3618
281.59 3312
282.56 3307
284.5 3640
310.45 4806
311.42 4793
312.39 5005
313.34 5112
314.44 3327
315.41 3314
316.38 3227
317.33 3194
318.3 3104
319.27 3074
320.23 2999
8.22 7175
9.19 7184
10.16 7229
11.12 7268
12.09 7385
26.62 13589
52.78 7692
60.53 7165
61.5 7131
63.44 7180
99.41 277
103.95 176
104.92 176
108.27 219
108.8 218
109.36 218
110.44 211
112.66 215
127.92 284
139.72 284
147.05 331
152.22 386
158 481
159.09 475
160.06 472
161.16 470
162.12 468
163.22 464
164.06 464
165.16 461
165.88 460
167.09 457
168.06 457
168.91 455
169.75 453
171.09 452
172.06 453
172.91 450
173.62 449
174.97 449
175.94 448
176.91 447
177.5 448
178.72 434
179.81 448
180.53 450
181.38 450
182.47 450
183.56 449
184.41 450
185.62 451
186.34 451
187.44 452
188.28 454
189.5 453
190.36 456
191.33 459
192.17 460
193.27 461
194.23 464
195.08 464
195.94 468
196.91 467
198 470
199.09 469
199.69 480
202.73 490
207.23 381
209.56 347
210.78 346
211.62 350
216.14 287
220.36 358
222.2 293
227.3 3060
228.03 283
228.27 3050
229.14 285
235.06 3605
236.03 3709
236.89 3808
237.98 3928
238.83 4011
252.95 255
253.14 381
262.3 3600
263.27 3600
264.25 3568
265.22 3575
266.19 3584
267.17 3578
268.14 3580
269.11 3563
270.08 3565
271.06 3577
272.03 3590
273 3582
273.98 3584
274.95 3580
275.92 3586
276.89 3600
277.86 3595
278.84 3605
279.81 3624
280.78 3626
281.75 3321
283.7 3636
288.56 3770
310.8 4850
311.77 4848
312.73 5029
313.83 3314
316.75 3201
317.72 3167
320.64 3003
7.86 7448
8.83 7184
9.81 7224
10.78 7254
11.77 7354
52.67 7686
60.45 7165
61.44 7093
63.38 7180
80.88 6366
100.48 277
101.58 265
104.06 175
105.03 177
108.91 218
109.88 219
110.84 218
111.81 211
112.78 216
127.83 285
139.58 288
140.17 286
147.45 333
152.41 390
157.48 484
158.33 478
159.3 476
160.41 474
161.5 470
162.34 468
163.56 466
164.28 464
165.39 461
166.48 458
167.45 458
168.3 457
169.27 453
170.36 454
171.33 453
172.17 451
173.14 449
174.23 450
175.08 449
176.17 448
177.14 448
178.23 448
178.95 440
179.8 479
181.14 449
181.86 448
182.95 449
183.67 451
184.64 451
185.86 452
186.7 451
187.92 453
188.52 454
189.73 455
190.7 458
191.55 459
192.52 462
193.61 461
194.33 462
195.42 465
196.27 469
197.48 459
198.33 470
199.06 478
200.03 481
201.98 487
210.44 345
211.17 345
212.27 354
215.69 288
221.92 289
223.02 295
227.78 3050
228.5 283
234.62 3600
235.59 3664
236.58 3757
237.42 3870
238.41 3957
239.38 4118
248.56 259
252.56 246
256 249
262.94 3560
263.92 3580
264.91 3572
265.88 3581
266.86 3574
267.83 3564
268.81 3576
269.78 3570
270.77 3563
271.75 3564
272.72 3581
273.7 3581
274.67 3572
275.66 3584
276.62 3594
277.61 3602
278.58 3609
279.56 3615
280.55 3616
281.52 3320
282.5 3289
284.45 3638
310.64 4819
311.61 4828
312.58 5029
316.61 3215
317.58 3187
318.56 3088
320.5 3010
7.94 7354
8.91 7175
9.89 7224
10.86 7278
11.84 7365
52.86 7720
59.69 7165
60.66 7184
61.64 7083
62.61 7060
63.59 7184
81.16 6332
100.55 275
104.36 175
104.94 234
105.34 181
108.52 219
109.23 219
110.2 219
111.03 212
111.19 217
127.78 289
139.58 282
146.75 323
157.8 481
159.16 476
159.88 471
161.23 471
161.83 468
162.94 465
163.91 464
165.12 461
165.86 459
167.08 458
167.81 455
168.91 453
170.02 453
170.98 452
171.84 451
172.69 451
174.05 449
175.02 449
175.88 448
176.84 448
177.83 448
179.05 433
179.53 447
181.86 448
182.58 449
183.81 450
184.53 450
185.39 451
186.73 450
187.34 452
188.56 454
189.42 455
190.27 458
191.38 458
192.22 461
193.45 462
194.17 463
195.28 466
196.25 468
197.36 464
197.95 477
199.06 472
200.03 480
202.72 492
207.75 383
210.08 344
211.05 345
212.28 348
215.58 287
216.69 288
221.83 290
223.06 294
227.72 3053
228.31 282
234.56 3600
235.55 3660
236.53 3750
237.38 3874
238.36 3949
239.34 4114
248.03 261
252.72 225
253.8 245
257.11 248
262.98 3553
263.95 3584
264.94 3560
265.92 3564
266.91 3574
267.88 3562
268.86 3571
269.84 3572
270.83 3571
271.8 3571
272.78 3583
273.75 3578
274.73 3581
275.7 3598
276.69 3602
277.67 3595
278.64 3609
279.62 3622
280.59 3622
281.58 3308
282.56 3289
284.52 3643
310.8 4857
311.78 4839
312.75 5027
313.86 3316
316.8 3192
317.78 3164
320.7 3003
358.17 13748
5.34 13748
8.3 7170
9.27 7175
10.25 7249
11.23 7258
12.22 7432
60.25 7165
61.22 7102
62.2 7088
63.19 7074
81.77 6332
99.48 277
100.47 265
104.06 175
105.05 177
107.7 218
109.92 219
110.91 218
111.88 211
127.53 287
140.12 280
141.11 278
157.77 483
159 478
159.84 474
160.95 473
161.67 470
162.91 466
163.77 464
164.73 463
165.7 461
166.94 458
167.91 457
168.88 456
169.61 454
170.58 451
171.81 452
172.66 451
173.88 449
174.48 450
175.58 448
176.67 447
177.53 448
178.62 433
179.61 442
180.58 450
181.67 449
182.41 450
183.38 449
184.47 450
185.45 451
186.3 452
187.53 454
188.5 454
189.22 455
190.2 456
191.05 458
192.14 461
193.12 460
193.97 463
195.08 466
197.03 468
197.89 471
198.88 470
199.61 480
202.94 487
207.73 383
209.95 344
210.94 345
211.92 349
216.36 288
216.84 287
221.06 2020
221.25 290
223.11 294
227.69 3070
229.14 282
235.53 3659
236.52 3741
237.5 3866
238.36 3949
239.34 4106
247.53 260
252.69 245
256.5 250
264.02 3577
265 3581
265.97 3574
266.95 3574
267.94 3569
268.92 3571
269.91 3580
270.89 3588
271.88 3583
272.86 3584
273.84 3572
274.83 3582
275.81 3594
276.78 3588
277.77 3598
278.75 3607
279.73 3626
280.72 3615
281.7 3310
282.69 3288
283.67 3622
310.98 4859
311.95 4815
312.94 5041
314.05 3314
316.98 3189
320.89 2996
323.58 5964
5.67 13802
6.66 7554
7.64 7453
8.61 7229
9.59 7234
10.58 7263
11.56 7319
52.81 7725
59.69 7170
60.67 7160
61.64 7069
62.62 7008
63.61 7170
81.27 6265
99.38 270
100.36 271
103.59 178
104.58 175
104.91 236
107.48 220
109.45 219
109.47 219
111.44 214
112.41 213
127.41 284
140.88 285
147.45 334
152.33 391
157.58 485
158.56 478
159.55 474
160.66 473
161.62 470
162.48 467
163.34 465
164.7 463
165.55 460
166.41 458
167.39 457
168.38 455
169.47 453
170.33 454
171.44 452
172.67 450
173.39 450
174.5 450
175.36 448
176.22 448
177.44 448
178.42 446
181.36 449
182.22 448
183.33 451
184.44 450
185.42 451
186.28 451
187.39 453
188.12 453
188.97 455
189.95 456
191.06 459
191.92 459
193.16 461
193.89 463
195 465
196.11 468
196.95 470
197.69 468
198.8 466
199.78 478
202.73 490
207.41 381
210 346
210.61 346
212.09 343
215.28 289
216.39 287
221.69 288
222.3 294
227.62 3070
228.58 283
235.5 3654
236.48 3739
237.34 3842
238.33 3957
239.31 4119
247.52 261
252.69 247
255.64 250
257.62 262
264.05 3581
265.03 3580
266.02 3572
267 3572
267.98 3577
268.97 3570
269.95 3584
270.94 3589
271.92 3571
272.89 3583
273.88 3570
274.86 3569
275.84 3586
276.83 3599
277.81 3599
278.8 3605
279.78 3628
280.77 3622
281.75 3316
283.72 3638
311.12 4787
312.11 4824
313.09 5046
317.16 3197
319.12 3079
320.11 3004
321.09 3009
324.78 6332
7.97 7324
8.95 7224
9.94 7234
10.92 7263
11.91 7385
26.69 13642
53.31 7565
60.2 7184
61.19 7126
62.17 7107
63.16 7088
68.08 6885
104.25 175
105.23 178
108.91 219
110.14 219
111.12 218
111.59 212
127.97 290
139.98 282
147.22 330
152.25 387
157.52 485
158.38 480
159.23 476
160.34 471
161.45 470
162.31 470
163.42 468
164.41 465
165.52 460
166.25 460
167.22 458
168.45 456
169.31 454
170.42 453
171.14 452
172.38 450
173.36 449
174.09 450
175.33 450
176.17 449
177.28 448
178.27 446
181.2 449
182.19 448
183.05 450
183.91 450
185 452
185.98 450
186.97 453
188.08 452
188.92 453
189.91 455
190.89 459
192 460
192.86 460
193.83 462
194.69 466
195.55 469
196.66 469
197.64 465
198.75 463
199.73 477
202.45 489
207.41 379
209.52 345
210.5 346
211.86 349
215.45 288
216.94 288
220.39 357
222.38 295
227.64 3070
228.44 283
234.55 3600
235.53 3664
236.52 3744
237.38 3870
238.36 3965
239.36 4103
247.44 260
253.09 359
254.75 245
257.08 250
264.16 3583
265.14 3593
266.14 3574
267.12 3578
268.11 3570
269.11 3570
270.09 3558
271.08 3572
272.06 3568
273.06 3577
274.05 3588
275.03 3592
276.03 3587
277.02 3600
278 3599
278.98 3600
279.98 3628
280.97 3628
281.95 3316
282.95 3604
283.94 3615
284.92 3658
288.88 3766
289.88 3793
310.44 4804
311.42 4789
312.41 4979
313.39 5142
317.45 3189
318.44 3099
319.42 3057
320.41 3013
358.16 13748
5.44 13748
7.41 7511
8.41 7219
9.39 7224
10.38 7244
11.36 7273
52.88 7725
60.77 7146
61.75 7083
62.73 7083
63.73 7344
81.48 6287
99.17 276
101.53 244
103.89 175
104.88 176
108.44 219
108.83 218
110.8 218
111.53 211
112.77 219
128.14 287
139.58 281
146.95 329
152.11 385
157.27 482
158.12 478
159.11 474
160.47 472
161.22 471
162.33 467
163.31 466
164.05 465
165.41 461
166.39 460
167.12 458
168.23 455
169.48 453
170.09 453
171.33 453
172.31 450
173.42 448
174.28 450
175.27 450
176.12 449
177.25 448
177.98 447
181.31 449
182.17 449
183.16 449
183.89 450
185.14 451
186 450
186.98 453
187.86 453
188.84 453
190.09 455
191.08 459
192.08 461
193.06 460
194.05 462
195.05 465
196.03 467
196.78 470
198.02 467
198.64 466
199.75 479
202.72 490
207.31 381
210.17 346
211.03 345
211.66 343
215.5 287
216.88 291
221.28 1851
221.33 290
222.69 294
227.09 1890
227.84 3070
229.38 282
234.77 3600
235.77 3664
236.75 3773
237.75 3895
238.61 3979
239.59 4105
249.06 260
253.27 381
254.66 254
262.55 3605
263.55 3588
264.53 3586
265.53 3574
266.52 3564
267.52 3588
268.5 3580
269.5 3572
270.5 3569
271.48 3577
272.48 3582
273.47 3580
274.47 3590
275.45 3587
276.45 3588
277.45 3592
278.44 3599
279.42 3605
280.42 3616
281.41 3306
282.39 3304
284.38 3645
311.97 4846
312.95 5049
314.08 3314
317.05 3198
319.03 3079
320.02 3010
321 3000
8.27 7180
9.27 7184
10.25 7229
11.23 7273
12.23 7422
52.88 7714
59.83 7160
60.81 7155
61.8 7074
62.8 7088
81.62 6328
99.48 277
104.09 176
105.08 177
109.03 219
110.03 220
110.64 218
112 211
128.28 290
140.64 284
147.55 333
152.48 391
157.44 486
158.67 480
159.53 474
160.78 473
161.77 469
162.75 466
163.62 463
164.73 464
165.86 461
166.59 458
167.83 456
168.7 455
169.81 454
170.8 452
171.8 452
172.66 451
173.91 448
174.77 448
175.62 448
176.62 447
177.61 447
178.72 435
179.47 450
180.7 450
181.83 449
182.56 450
183.42 449
184.8 450
185.41 451
186.52 453
187.64 453
188.62 454
189.62 454
190.36 456
191.34 458
192.34 463
193.33 462
194.31 465
195.31 465
196.55 470
197.3 458
198.41 472
199.39 476
200.14 479
202.23 485
210.06 347
211.55 347
216.53 289
220.25 356
221.86 292
227.8 1873
228.7 282
229.95 284
235.38 3637
236.38 3725
237.36 3824
238.23 3959
239.23 4092
252.19 225
254.69 245
255.55 249
264.2 3566
265.2 3577
266.2 3581
267.19 3576
268.19 3577
269.17 3577
270.17 3547
271.17 3577
272.16 3587
273.16 3575
274.16 3586
275.14 3596
276.14 3584
277.14 3588
278.12 3605
279.12 3605
280.12 3631
282.11 3314
283.11 3632
284.09 3636
285.09 3686
310.8 4846
311.8 4837
312.78 5049
313.91 3321
314.89 3314
316.88 3202
8.14 7165
9.14 7184
10.12 7229
11.12 7254
12.12 7365
60.88 7107
61.86 7069
62.86 7083
81.75 6257
104.28 175
105.27 178
109.23 219
110.22 219
111.22 217
111.45 212
128.17 284
139.69 283
140.06 285
147.25 335
158.14 483
159.02 476
160.12 474
161 472
161.98 468
162.98 465
164.09 464
165.2 462
166.2 460
166.94 457
168.06 456
169.05 454
170.16 453
171.03 452
172.27 452
173.27 449
174 449
175.23 449
175.86 449
177.09 448
178.22 448
179.33 441
179.81 479
181.06 449
182.17 448
182.92 450
184.03 450
185.02 451
185.77 451
186.88 452
188 452
188.73 452
189.72 454
190.72 458
191.7 461
192.83 460
193.94 461
194.69 464
195.55 468
196.55 470
197.8 467
198.67 465
199.67 477
202.67 492
207.41 381
209.78 346
210.78 345
212.03 349
216.27 290
216.77 291
221.38 290
221.38 1750
222.62 294
227.36 1818
228.36 1816
229.38 282
234.95 3602
235.95 3674
236.95 3796
237.83 3912
238.83 4012
253.8 259
254.55 270
255.91 257
257.55 249
262.89 3562
263.89 3570
264.89 3566
265.89 3576
266.89 3582
267.89 3578
268.89 3584
269.89 3589
270.89 3581
271.89 3568
272.88 3589
273.88 3566
274.88 3578
275.88 3584
276.88 3609
277.88 3600
278.88 3606
279.88 3620
280.88 3621
281.88 3320
283.88 3647
285.88 3724
310.62 4835
311.61 4830
312.61 5025
316.72 3216
317.7 3182
320.69 3005
8.2 7165
9.2 7229
10.2 7229
11.19 7239
12.19 7354
53.09 7714
61.08 7136
62.06 7102
63.06 7069
68.05 6898
81.02 6325
99.72 281
100.59 270
103.58 172
104.56 237
104.58 175
107.31 220
109.55 219
110.55 219
111.55 213
112.53 214
127.44 287
139.98 282
147.17 331
152.25 389
157.36 483
158.59 478
159.59 474
160.59 473
161.34 470
162.33 467
163.58 467
164.45 464
165.45 462
166.44 458
167.56 456
168.56 455
169.56 455
170.8 452
171.8 452
172.67 450
173.67 450
174.53 450
175.66 448
176.78 447
177.78 447
178.77 434
179.77 446
180.77 449
181.39 450
182.5 450
183.5 448
184.62 451
185.62 451
186.61 450
187.48 453
188.36 455
189.61 453
190.36 457
191.48 459
192.48 462
193.61 462
194.34 464
195.34 466
196.34 468
197.59 460
198.47 465
199.47 475
200.34 489
202.33 485
210.33 346
211.69 347
216.69 287
220.55 357
221.05 1802
222.42 294
227.05 1773
228.05 1774
228.42 283
234.67 3600
235.67 3660
236.67 3771
237.67 3895
238.55 3957
239.55 4111
253.92 254
256.3 249
263.67 3570
264.67 3562
265.67 3586
266.67 3564
267.67 3571
268.67 3583
269.67 3572
270.67 3560
271.67 3584
272.67 3576
273.67 3584
274.67 3589
275.67 3599
276.67 3609
277.67 3598
278.69 3611
279.67 3610
280.67 3615
281.67 3310
282.67 3284
283.67 3606
288.55 3768
310.52 4821
311.5 4787
312.5 5022
317.61 3187
318.61 3083
319.61 3038
320.61 3010
8.17 7165
9.17 7175
10.17 7234
11.16 7263
12.16 7375
60.08 7136
61.08 7136
62.08 7093
63.06 7079
68.06 6885
81.03 6325
100.2 272
103.58 177
104.58 176
106.56 235
108.05 220
108.55 220
109.8 219
111.53 213
112.53 214
128.3 286
134.38 362
140.09 281
147.17 331
152.16 389
157.5 483
158.62 478
159.5 475
160.62 473
161.61 471
162.48 467
163.61 466
164.73 462
165.72 462
166.72 458
167.72 456
168.47 455
169.58 455
170.45 452
171.83 452
172.58 450
173.56 450
174.69 450
175.56 447
176.69 446
177.67 447
178.67 433
179.55 443
180.8 450
181.53 450
182.53 450
183.66 448
184.66 450
185.64 450
186.52 451
187.39 453
188.64 455
189.62 453
190.38 457
191.5 458
192.38 461
193.23 462
194.36 463
195.48 465
196.48 469
197.34 459
198.34 466
199.22 475
200.22 485
202.33 484
210.19 346
211.69 347
215.06 288
216.56 288
220.31 360
221.06 1771
222.69 294
228.06 1760
228.94 283
234.69 3600
235.69 3672
236.69 3762
237.69 3888
238.67 3960
239.55 4114
247.8 260
253.03 253
256.03 247
263.62 3586
264.62 3577
265.62 3589
266.62 3564
267.62 3569
268.62 3577
269.62 3572
270.61 3558
271.61 3582
272.61 3583
273.61 3569
274.61 3583
275.61 3590
276.61 3596
277.61 3586
278.61 3593
279.61 3623
280.61 3629
281.61 3321
282.61 3295
283.61 3606
310.44 4813
311.44 4783
312.44 4996
317.55 3187
318.55 3098
320.55 3020
358.23 13748
8.05 7249
9.05 7219
10.05 7229
11.05 7268
12.05 7360
60.02 7365
61.02 7136
62.02 7093
63 7088
80.97 6242
101.08 272
103.58 172
104.58 175
105.45 235
108.2 220
109.56 219
109.69 219
110.42 214
111.42 213
128.28 287
139.7 282
147.17 330
152.14 389
157.36 481
158.48 478
159.61 476
160.59 473
161.47 470
162.59 468
163.72 466
164.45 463
165.7 461
166.58 457
167.7 456
168.44 455
169.56 454
170.69 452
171.42 453
172.42 451
173.55 450
174.78 449
175.53 448
176.53 448
177.52 448
178.64 432
179.52 438
181.5 449
182.5 450
183.5 450
184.61 450
185.48 450
186.36 451
187.59 453
188.47 454
189.59 455
190.33 456
191.33 458
192.58 461
193.31 462
194.56 464
195.44 468
196.17 469
197.42 459
198.42 466
199.17 476
202.3 487
210.8 346
211.8 347
215.55 289
216.67 288
220.56 360
221.06 1773
222.81 294
227.06 1722
228.06 1739
229.06 282
234.69 3600
235.69 3668
236.56 3768
237.56 3894
238.56 3963
239.56 4114
247.81 260
252.69 254
253.19 382
257.19 249
263.69 3563
264.69 3565
265.69 3584
266.69 3563
267.69 3569
268.69 3578
269.69 3574
270.69 3570
271.69 3581
272.69 3571
273.69 3581
274.69 3592
275.69 3589
276.7 3577
277.7 3593
278.7 3605
279.7 3620
280.7 3626
281.7 3318
282.7 3307
283.7 3622
310.55 4813
311.55 4800
312.53 5020
316.66 3218
317.66 3186
318.64 3083
320.64 3002
358.09 13748
8.22 7184
9.22 7175
10.22 7234
11.22 7283
12.22 7396
53.19 7570
60.19 7165
61.17 7102
62.17 7098
63.17 7064
81.14 6257
100.11 274
103.72 174
104.72 175
106.7 240
107.7 223
108.69 219
109.69 220
110.69 218
110.8 211
112.67 215
128.08 288
139.77 283
146.86 333
152.45 392
157.56 483
158.69 478
159.8 473
160.8 472
161.66 469
162.78 467
163.66 466
164.89 464
165.77 461
166.77 458
167.75 456
168.62 455
169.86 454
170.86 451
171.98 452
172.72 451
173.97 448
174.84 450
175.95 448
176.95 448
177.94 447
178.81 435
179.81 457
181.8 449
182.67 449
183.66 449
184.66 450
185.52 451
186.77 451
187.77 452
188.62 454
189.62 456
190.75 459
191.61 460
192.48 460
193.61 463
194.61 464
195.61 465
196.48 471
197.48 462
198.61 461
199.36 474
202.48 487
207.36 377
209.48 346
210.61 346
211.61 348
216.11 288
216.36 287
221.23 1751
221.36 291
222.11 295
227.23 1710
228.23 1710
228.86 282
234.86 3610
235.86 3676
236.86 3804
237.73 3914
238.73 3979
252.98 257
253.86 271
255.48 251
256.23 255
262.86 3586
263.86 3587
264.86 3577
265.86 3571
266.86 3586
267.86 3571
268.86 3571
269.86 3578
270.86 3569
271.86 3571
272.86 3587
273.86 3587
274.86 3578
275.86 3602
276.86 3607
277.86 3602
278.86 3613
279.86 3627
280.86 3633
281.86 3317
283.88 3640
288.86 3775
289.86 3793
310.67 4841
311.67 4819
312.67 5025
313.8 3315
316.78 3203
317.78 3170
320.77 3002
8.33 7184
9.33 7214
10.33 7224
11.33 7289
12.31 7469
53.27 7549
60.25 7141
61.23 7117
62.23 7088
63.23 7093
81.17 6344
99.61 275
103.73 174
104.73 175
107.7 219
109.7 220
110.7 218
111.7 211
112.19 215
127.97 289
140.27 283
146.84 333
152.19 392
157.55 486
158.67 478
159.78 473
160.91 471
161.53 470
162.78 467
163.89 465
164.77 463
165.77 461
166.77 458
167.77 457
168.75 455
170 453
170.88 451
172 452
172.86 451
173.86 449
174.86 449
175.86 448
176.86 448
177.84 447
178.72 436
179.84 456
181.97 449
182.7 448
183.95 449
184.83 451
185.7 451
186.7 451
187.83 453
188.7 455
189.83 454
190.83 457
191.58 460
192.56 461
193.69 462
194.69 464
195.69 467
196.69 471
197.56 463
198.56 462
199.44 476
202.56 488
207.17 378
209.55 346
210.67 346
212.05 348
215.55 287
216.66 287
221.28 1760
221.41 290
222.41 295
227.28 1712
228.27 1708
228.53 283
234.89 3607
235.89 3676
236.89 3802
237.89 3911
238.77 3988
253.89 258
254.39 269
256.27 250
257.03 256
262.92 3578
263.92 3589
264.92 3576
265.92 3581
266.94 3578
267.94 3568
268.94 3570
269.94 3590
270.94 3578
271.94 3582
272.94 3587
273.94 3580
274.95 3574
275.94 3589
276.94 3598
277.94 3599
278.94 3606
279.94 3618
280.94 3622
281.94 3317
282.94 3639
283.92 3631
284.92 3677
285.92 3731
289.92 3797
310.75 4837
311.75 4830
312.75 5013
313.88 3316
316.86 3197
317.86 3167
320.86 2992
5.5 13748
7.5 7485
8.5 7184
9.5 7224
10.5 7263
11.48 7309
60.47 7175
61.47 7107
63.47 7189
81.44 6268
100.16 277
104.02 175
105.02 177
107.75 218
108.75 220
109.5 218
112.25 212
127.55 288
128.03 290
140.72 285
147.83 337
158.05 485
159.05 477
159.8 211
159.92 472
161.03 471
162.28 468
163.16 465
163.91 464
165.16 460
166.03 460
167.27 458
168.02 456
169.27 453
170.14 454
171.02 452
172.39 451
173.39 451
174.38 450
175.25 447
176.11 449
177.23 448
178.22 448
180.95 449
182.2 448
182.94 451
184.19 450
185.06 452
186.3 451
187.05 453
187.91 455
188.91 455
190.16 456
191.14 458
192.02 460
193.12 461
194 462
195 464
195.98 468
196.73 468
197.72 471
198.84 470
199.59 480
202.81 492
207.69 383
210.06 344
211.19 344
212.08 350
215.7 288
221.73 1696
221.97 290
223.23 296
227.62 1724
227.86 282
229.75 283
230.25 280
235.28 3622
236.28 3724
237.16 3815
238.28 3950
239.16 4100
251.91 225
253.91 244
256.42 249
263.3 3600
264.3 3569
265.3 3569
266.31 3576
267.31 3564
268.31 3570
269.31 3569
270.31 3569
271.31 3574
272.31 3576
273.31 3586
274.31 3583
275.31 3599
276.31 3605
277.31 3587
278.31 3595
279.31 3611
280.31 3622
281.31 3320
282.33 3300
283.33 3627
284.33 3636
285.33 3727
311.17 4755
312.16 4813
313.16 5041
317.27 3193
319.27 3078
320.27 3004
323.12 5907
6.83 7549
7.83 7448
8.83 7184
9.83 7194
10.83 7254
11.83 7360
26.83 13695
59.84 7146
60.84 7146
61.84 7074
62.84 7069
81.8 6272
99.89 276
104.39 176
105.62 231
108.38 219
109.36 219
110.36 219
111.36 215
111.73 213
127.39 285
139.34 281
140.97 280
146.69 324
152.3 385
157.52 482
158.52 477
159.39 475
160.39 473
161.25 471
162.62 468
163.25 466
164.5 465
165.36 460
166.61 458
167.59 456
168.59 455
169.47 454
170.58 454
171.7 452
172.58 451
173.56 448
174.56 449
175.44 449
176.42 448
177.55 448
178.67 432
179.53 416
179.66 572
181.66 449
182.52 449
183.52 451
184.39 450
185.5 451
186.62 451
187.25 452
188.36 455
189.36 454
190.48 456
191.22 458
192.34 461
193.47 460
194.33 463
195.2 465
196.45 469
197.45 458
198.08 472
199.08 476
200.2 481
202.2 482
210.7 346
211.58 347
216.72 288
220.59 359
222.34 293
227.98 1744
228.09 283
234.61 3600
235.61 3662
236.61 3756
237.48 3881
238.48 3949
239.48 4110
247.73 260
254.73 252
263.62 3571
264.64 3575
265.64 3584
266.64 3560
267.64 3577
268.64 3590
269.64 3564
270.66 3565
271.66 3575
272.66 3568
273.66 3577
274.66 3590
275.66 3593
276.66 3600
277.67 3606
278.67 3611
279.67 3626
280.67 3629
281.67 3320
282.67 3293
283.69 3626
288.69 3773
310.52 4813
311.5 4800
312.5 5008
317.61 3189
318.61 3088
319.61 3047
320.61 3013
357.84 13748
8.22 7184
9.22 7184
10.22 7239
11.22 7263
12.22 7411
53.22 7625
60.2 7175
61.2 7131
62.2 7093
63.2 7079
81.19 6283
99.16 275
100.66 244
103.77 174
104.77 175
105.88 241
107.75 218
108.75 219
109.73 219
110.98 218
111.73 211
112.73 215
128.39 289
140.22 284
146.92 333
152.28 394
157.75 486
158.75 478
159.62 474
160.86 473
161.86 469
162.73 467
163.98 464
164.72 462
165.72 461
166.84 458
167.97 456
168.83 454
169.95 454
170.7 452
171.7 451
172.69 451
173.81 450
174.81 449
175.94 448
177.05 448
177.92 448
178.8 437
179.92 465
181.91 449
182.78 449
183.78 449
184.89 450
185.89 452
186.64 452
187.64 453
188.77 454
190.02 456
190.64 458
191.64 460
192.89 461
193.64 462
194.64 463
195.77 468
196.77 470
197.89 465
198.89 463
199.64 478
202.52 489
207.39 381
210.02 344
210.77 345
211.64 350
215.77 289
216.89 287
221.39 1753
221.77 289
223.02 294
227.39 1758
228.39 1737
228.64 283
235.02 3602
236.02 3705
237.02 3802
238.02 3911
238.89 4021
253.14 259
255.27 248
257.14 259
263.03 3557
264.03 3570
265.03 3576
266.03 3577
267.03 3578
268.03 3581
269.03 3572
270.03 3570
271.05 3581
272.05 3565
273.05 3578
274.05 3586
275.05 3576
276.05 3577
277.05 3590
278.05 3606
279.05 3606
280.05 3615
282.05 3315
283.05 3620
284.05 3632
285.05 3678
310.89 4850
311.89 4817
312.89 5049
314 3324
317 3196
318 3159
319 3076
320 3039
321 3009
5.64 13748
6.64 7543
7.64 7422
8.64 7180
9.64 7214
10.62 7254
11.62 7349
60.61 7150
61.61 7107
62.61 7064
63.61 7165
81.58 6347
100.03 277
104.16 175
105.14 178
109.12 219
109.12 219
111.12 217
111.38 212
128.03 285
139.98 281
140.59 284
147.44 339
158.03 481
158.92 211
159.03 476
160.16 472
161.16 469
162.28 470
163.41 466
164.02 462
165.39 459
166.27 458
167.39 458
168.14 456
169.39 454
170.14 454
171.27 452
172.38 451
173.25 449
174.38 449
175.12 449
176.25 449
177.38 448
179.98 493
181.36 449
182.36 447
183.23 451
184.48 450
185.34 451
186.34 451
187.34 452
188.09 453
189.22 455
190.08 456
191.2 459
192.33 460
193.2 461
194.33 463
195.33 466
197.19 462
198.06 473
199.19 472
200.06 480
202.8 493
210.41 345
211.03 345
216.03 288
220.03 358
222.66 291
227.78 1781
228.78 283
229.66 285
230.16 282
235.41 3634
236.41 3729
237.41 3828
238.28 3969
239.28 4103
248.05 259
253.42 246
256.05 251
263.44 3590
264.44 3572
265.44 3572
266.44 3583
267.44 3577
268.44 3572
269.44 3576
270.44 3576
271.44 3583
272.45 3578
273.44 3587
274.44 3581
275.44 3592
276.44 3599
277.44 3610
278.44 3604
279.44 3611
280.44 3628
281.44 3295
282.44 3288
284.44 3643
310.3 4837
311.3 4772
312.3 4970
313.3 5110
315.42 3316
316.42 3220
317.42 3187
318.42 3094
319.42 3048
320.42 3010
8.03 7283
9.03 7224
10.03 7234
11.03 7268
12.03 7344
53.08 7680
61.08 7112
62.08 7088
63.08 7074
81.08 6328
100.17 273
100.3 271
103.67 174
104.67 175
106.67 237
107.92 223
108.67 220
109.67 220
110.05 219
110.92 212
112.66 214
128.56 288
140.12 283
146.98 333
152.22 391
157.58 486
158.83 480
159.7 474
160.7 474
161.7 470
162.58 467
163.56 463
164.81 462
165.69 460
166.69 458
167.69 457
168.94 455
169.94 453
170.81 452
171.67 452
173.05 451
173.78 449
175.03 449
176.03 448
177.02 448
178.02 448
178.89 437
179.88 465
180.88 449
181.86 448
182.73 450
183.86 448
184.72 450
185.59 451
186.84 451
187.83 454
188.7 453
189.56 455
190.69 457
191.81 459
192.67 460
193.8 462
194.8 465
195.66 467
196.53 470
197.52 463
198.64 463
199.39 477
202.62 485
207.14 378
209.52 345
210.64 345
211.78 350
215.67 287
216.92 286
221.33 1788
221.81 290
222.2 295
227.36 1822
228.36 1830
228.59 288
235.02 3615
236.02 3700
237.02 3809
237.89 3930
238.89 4017
253.03 259
255.66 249
255.91 259
263.03 3563
264.05 3576
265.05 3592
266.05 3578
267.05 3578
268.05 3577
269.05 3572
270.06 3552
271.06 3580
272.06 3570
273.06 3582
274.06 3582
275.08 3584
276.08 3580
277.08 3588
278.08 3600
279.08 3606
280.09 3624
282.09 3316
283.09 3612
284.09 3636
285.09 3686
310.98 4852
311.98 4821
312.97 5008
317.09 3196
318.09 3119
319.09 3082
320.09 3009
321.08 3009
333.8 8379
358.06 13748
6.72 7533
7.72 7416
8.72 7184
9.72 7199
10.73 7283
11.73 7385
26.75 13589
60.8 7146
61.8 7107
62.8 7064
100.44 275
104.42 176
105.8 230
108.41 219
109.41 220
109.53 219
110.16 215
111.16 213
127.72 286
134.81 359
139.67 281
146.78 330
152.02 389
157.5 483
158.38 478
159.38 475
160.75 473
161.5 470
162.5 467
163.61 464
164.48 463
165.48 460
166.73 458
167.59 457
168.72 455
169.84 454
170.59 452
171.58 452
172.7 450
173.7 450
174.45 450
175.56 448
176.56 447
177.56 448
178.81 433
179.67 447
180.67 450
181.8 449
182.42 450
183.78 448
184.66 450
185.66 451
186.78 452
187.64 454
188.77 454
189.39 455
190.39 456
191.62 459
192.38 461
193.62 462
194.25 465
195.38 466
196.25 470
197.25 461
198.5 460
199.25 478
202.39 486
207.16 374
209.66 346
210.28 347
211.42 349
215.8 287
216.42 287
221.2 1820
221.31 288
222.56 295
227.22 1892
228.09 1891
228.34 283
234.86 3602
235.86 3667
236.88 3793
237.88 3901
238.75 4003
255.41 250
257.66 256
262.94 3569
263.94 3582
264.94 3581
265.95 3577
266.95 3587
267.95 3574
268.95 3572
269.97 3582
270.97 3582
271.97 3564
272.97 3576
273.97 3580
274.98 3586
275.98 3584
276.98 3604
277.98 3598
279 3604
280 3621
282 3311
283 3621
284.02 3650
285.02 3684
310.88 4857
311.88 4830
312.88 5046
314 3314
317 3193
318 3126
320 3041
320.98 3007
5.72 13838
6.72 7538
7.72 7427
8.72 7224
9.72 7263
10.72 7258
11.72 7380
26.73 13730
52.78 7703
60.78 7155
61.78 7093
62.78 7079
81.78 6294
100.77 276
104.39 176
106.38 235
108.38 219
109.38 220
110.38 219
111.38 214
112.38 213
127.47 286
140.06 281
146.78 330
152.27 388
157.62 484
158.62 479
159.38 474
160.5 473
161.62 470
162.5 468
163.75 462
164.5 464
165.48 460
166.73 458
167.61 457
168.61 455
169.73 455
170.73 453
171.61 452
172.86 451
173.61 449
174.48 450
175.73 448
176.72 447
177.47 448
178.97 434
179.59 453
180.72 450
181.59 450
182.72 450
183.59 449
184.59 450
185.72 451
186.72 451
187.72 454
188.59 454
189.72 455
190.47 456
191.59 458
192.47 460
193.47 461
194.72 465
195.47 466
196.72 470
197.72 461
198.47 461
199.59 475
202.36 489
207.36 378
209.86 346
210.98 346
211.48 349
215.98 288
217.11 287
221.27 1819
222.12 290
222.62 296
227.28 1926
228.16 1941
229.14 284
234.94 3606
235.94 3674
236.81 3794
237.94 3915
238.83 4017
246.33 260
253.23 259
254.23 271
256.11 258
256.36 249
263.02 3568
264.02 3588
265.02 3565
266.02 3572
267.02 3583
268.03 3578
269.03 3566
270.03 3546
271.03 3577
272.03 3576
273.03 3580
274.05 3595
275.05 3586
276.05 3583
277.05 3588
278.05 3600
279.05 3602
280.06 3633
282.06 3317
283.06 3612
284.06 3626
285.06 3682
310.95 4859
311.97 4826
312.95 5037
317.08 3193
318.08 3125
319.08 3083
320.08 3009
321.08 3010
333.83 8399
6.78 7522
7.78 7422
8.78 7249
9.78 7249
10.78 7254
11.78 7360
26.8 13468
52.86 7703
60.86 7150
61.86 7064
62.86 7079
100.7 274
104.45 175
106.7 234
107.45 220
109.44 220
110.44 219
111.44 214
112.44 213
128.03 286
139.5 282
146.86 332
152.22 389
157.34 482
158.72 478
159.59 474
160.59 473
161.59 470
162.47 467
163.58 466
164.58 464
165.7 461
166.83 458
167.58 456
168.83 456
169.7 454
170.7 452
171.95 452
172.95 451
173.7 449
174.83 449
175.95 448
176.83 447
177.83 447
178.7 436
179.83 462
180.7 449
181.7 449
182.58 450
183.7 449
184.83 450
185.83 451
186.7 452
187.83 454
188.95 453
189.95 454
190.58 456
191.7 460
192.58 460
193.7 461
194.72 465
195.59 468
196.59 470
197.59 463
198.84 461
199.72 476
202.72 486
207.22 378
209.72 346
211.09 345
211.98 348
215.98 286
217.36 289
221.38 1857
221.88 290
222.62 294
228.02 3070
228.77 283
235.03 3610
236.03 3704
237.03 3806
238.03 3928
238.91 4021
253.69 261
255.2 248
257.2 259
264.12 3572
265.12 3583
266.12 3576
267.12 3574
268.14 3580
269.14 3564
270.14 3559
271.14 3581
272.16 3583
273.16 3581
274.16 3578
275.16 3587
276.16 3581
277.16 3590
278.16 3602
279.17 3612
280.17 3612
281.17 3284
282.17 3289
283.17 3622
284.17 3657
285.19 3704
311.11 4815
312.11 4826
313.11 5039
317.25 3193
318.25 3115
319.25 3081
320.25 3006
6.97 7511
7.97 7354
8.97 7224
9.97 7224
10.97 7273
11.97 7370
53.09 7658
61.11 7093
62.11 7069
63.11 7064
81.14 6250
100.17 273
101.42 244
103.8 174
104.8 175
105.17 241
106.55 218
108.55 219
108.67 219
110.8 218
111.81 211
112.8 215
127.86 290
140.31 285
147.05 335
152.42 398
157.8 485
158.8 478
159.92 475
160.8 472
161.8 468
163.05 466
164.05 463
164.92 461
165.92 460
167.05 458
168.05 456
169.05 453
170.05 454
171.05 452
171.91 451
173.16 450
174.16 449
175.28 449
175.91 448
177.14 448
178.14 448
179.14 445
179.89 480
181.14 450
182.12 448
183 450
184.25 450
185.25 452
186 451
187.12 453
188.23 452
189.23 453
189.98 456
190.86 459
192.11 459
193.09 461
193.97 462
194.72 465
195.97 468
196.84 472
197.83 470
198.95 468
199.7 480
202.83 491
207.47 379
210.09 344
211.11 345
211.73 350
215.75 289
220.28 359
221.67 1888
222.28 290
222.91 301
228.19 283
228.33 3052
229.06 285
235.36 3633
236.36 3728
237.25 3820
238.25 3954
239.25 4097
247.39 260
252.91 247
255.53 250
263.45 3600
264.47 3596
265.47 3575
266.47 3575
267.47 3578
268.47 3584
269.48 3574
270.48 3578
271.48 3570
272.48 3572
273.48 3578
274.5 3587
275.5 3576
276.5 3604
277.5 3606
278.52 3613
279.52 3612
280.52 3613
281.52 3294
282.52 3279
284.53 3647
310.45 4835
311.45 4776
312.45 5027
317.58 3189
318.58 3083
319.58 3042
320.58 3022
357.98 13748
8.27 7239
9.27 7204
10.27 7229
11.27 7258
12.27 7453
53.36 7522
60.38 7184
61.38 7131
62.38 7122
63.38 7180
81.39 6224
99.89 276
104.03 175
105.02 177
109.02 218
110.02 219
111 218
112 211
128.08 280
128.83 293
139.94 281
140.31 284
158.03 481
159.28 475
159.91 211
160.16 472
161.03 471
162.41 468
163.28 465
164.14 464
165.14 461
166.14 460
167.39 458
168.14 457
169.38 453
170.38 453
171.25 452
172.25 450
173.38 448
174.36 450
175.36 450
176.23 449
177.36 448
178.36 447
181.34 448
182.47 448
183.09 449
184.34 451
185.33 451
186.2 451
187.08 454
188.45 454
189.45 456
190.44 455
191.31 458
192.31 460
193.06 461
194.31 462
195.19 466
197.06 454
199.19 475
199.81 482
210.47 346
211.22 346
216.36 289
220.25 357
221.88 293
227.53 3070
228.02 283
229.28 282
235.56 3663
236.56 3745
237.56 3875
238.45 3953
239.45 4118
248.2 260
254.23 252
263.66 3588
264.67 3577
265.67 3575
266.67 3577
267.67 3583
268.69 3584
269.69 3580
270.69 3583
271.69 3566
272.7 3574
273.7 3568
274.7 3590
275.7 3589
276.72 3605
277.72 3600
278.72 3624
279.72 3624
280.73 3631
281.73 3321
283.73 3637
310.67 4815
311.67 4821
312.67 4998
313.8 3314
316.8 3200
317.8 3174
320.81 3010
5.53 13748
7.53 7495
8.53 7224
9.53 7199
10.53 7258
11.53 7314
26.58 13730
60.67 7170
61.67 7093
62.67 7055
63.67 7344
81.7 6291
99.95 277
104.33 175
104.95 231
105.33 181
108.33 219
109.33 219
110.33 219
111.33 215
111.7 213
128.31 286
140.03 281
146.62 329
152.11 389
157.48 483
158.61 479
159.36 475
160.61 473
161.73 470
162.61 467
163.48 466
164.48 461
165.61 462
166.73 458
167.61 457
168.73 456
169.73 455
170.86 452
171.86 452
172.48 451
173.86 449
174.48 450
175.61 448
176.48 447
177.73 448
178.61 435
179.61 454
180.73 450
181.61 449
182.73 450
183.73 448
184.48 450
185.48 451
186.48 451
187.61 453
188.86 455
189.73 455
190.48 458
191.62 460
192.5 461
193.75 463
194.5 465
195.64 466
196.39 470
197.64 462
198.64 461
199.78 475
202.53 489
207.42 380
209.69 347
210.69 346
211.81 356
215.7 289
216.45 291
221.61 290
222.36 294
228.02 3037
228.75 283
235.03 3602
236.03 3700
237.03 3804
237.91 3930
238.92 4005
252.44 225
264.16 3566
265.17 3570
266.17 3578
267.17 3569
268.19 3568
269.19 3575
270.19 3580
271.2 3592
272.2 3584
273.22 3586
274.22 3595
275.22 3593
276.23 3589
277.23 3593
278.23 3600
279.25 3611
280.25 3640
281.27 3316
282.27 3300
283.27 3633
284.27 3659
285.27 3709
311.2 4765
312.2 4904
313.22 5066
315.34 3314
317.36 3189
318.36 3102
319.36 3063
320.36 3023
8.22 7244
9.22 7209
10.22 7244
11.22 7299
12.22 7370
37.28 10320
53.34 7511
60.36 7155
61.38 7112
63.38 7304
81.45 6294
100.19 277
101.31 265
104.06 175
105.06 177
107.69 219
108.56 220
111.06 218
112.06 212
127.42 285
139.91 280
140.14 283
151.77 385
157.16 484
158.16 478
159.41 476
160.02 212
160.28 472
161.28 471
162.53 468
163.41 467
164.55 463
165.3 462
166.55 459
167.3 458
168.3 455
169.42 454
170.67 453
171.55 451
172.44 450
173.44 449
174.69 450
175.44 447
176.56 448
177.44 448
178.56 436
179.56 427
180.7 450
181.58 449
182.45 450
183.45 449
184.7 450
185.7 450
186.33 452
187.58 452
188.45 456
189.45 453
190.45 457
191.47 458
192.47 461
193.59 461
194.47 463
195.34 466
196.22 468
197.34 459
198.47 466
199.22 474
200.22 485
202.23 485
210.86 346
211.86 348
215.25 288
216.12 288
222.41 295
227.83 3050
229.19 281
234.86 3605
235.88 3679
236.88 3790
237.75 3912
238.77 3993
255.19 249
256.56 257
262.98 3570
264 3572
265 3570
266 3577
267.02 3577
268.02 3588
269.02 3568
270.02 3559
271.03 3584
272.03 3568
273.03 3577
274.05 3581
275.05 3588
276.05 3590
277.05 3588
278.05 3600
279.06 3598
280.06 3610
282.06 3306
283.06 3623
284.08 3632
285.08 3684
312.05 4815
313.05 5041
317.19 3201
318.19 3123
319.19 3082
320.19 2994
321.19 3018
358.22 13784
7.95 7360
8.95 7209
9.95 7224
10.95 7278
11.95 7385
60.17 7160
61.17 7131
62.17 7098
63.17 7064
81.22 6291
99.48 276
103.86 175
104.86 176
107.48 219
109.86 220
110.86 218
111.86 211
127.84 289
140.47 285
147.34 332
158.12 485
159.25 476
160.12 472
161 471
162.25 467
163.38 466
164.25 464
165.14 461
166.27 460
167.14 458
168.14 457
169.27 452
170.39 454
171.39 452
172.14 451
173.53 448
174.41 450
175.28 450
176.41 449
177.53 448
178.28 447
181.53 449
182.41 449
183.16 449
184.42 450
185.42 451
186.17 451
187.17 453
188.42 453
189.55 454
190.42 455
191.3 458
192.42 460
193.3 460
194.3 462
195.19 466
196.06 469
197.31 461
198.31 472
199.19 475
200.31 481
202.19 486
210.59 346
211.72 346
216.61 288
220.27 359
222.14 293
227.69 3070
228.17 283
234.73 3600
235.73 3674
236.73 3770
237.73 3892
238.62 3978
239.62 4108
247.77 260
253.42 376
253.92 256
256.94 255
262.86 3600
263.88 3596
264.88 3565
265.88 3568
266.89 3580
267.89 3574
268.89 3575
269.91 3576
270.91 3598
271.91 3569
272.92 3581
273.92 3584
274.92 3578
275.94 3584
276.94 3599
277.94 3602
278.95 3611
279.95 3631
280.95 3610
281.97 3315
282.97 3636
283.97 3634
284.98 3688
310.97 4859
311.97 4848
312.97 5046
317.11 3195
319.11 3078
320.11 3003
324.88 6355
357.97 13748
7.94 7309
8.94 7224
9.94 7249
10.95 7249
11.95 7344
53.19 7598
60.22 7165
61.22 7136
62.22 7083
63.22 7079
81.3 6250
100.36 276
104 175
105 176
109.02 218
110.02 219
111.02 218
111.39 212
127.77 285
139.39 280
140.14 284
152.19 385
157.33 482
158.33 478
159.33 474
160.45 473
161.59 471
162.47 468
163.59 466
164.59 463
165.59 462
166.36 458
167.61 457
168.48 456
169.61 454
170.48 452
171.61 452
172.36 450
173.61 450
174.61 450
175.73 447
176.61 447
177.48 447
178.48 432
179.61 439
180.48 450
181.48 449
182.5 450
183.38 450
184.38 451
185.5 451
186.62 452
187.62 453
188.5 455
189.38 455
190.38 458
191.62 459
192.5 460
193.5 462
194.38 464
195.38 468
196.62 469
197.62 461
198.52 461
199.27 475
202.28 487
207.06 377
209.83 351
210.47 346
215.14 1961
216.12 288
216.75 287
221.78 290
222.8 294
228 3041
228.84 282
235.03 3607
236.05 3700
236.92 3815
237.92 3933
238.94 4009
251.09 227
255.25 248
256.88 261
263.2 3587
264.2 3569
265.22 3577
266.22 3578
267.23 3577
268.23 3574
269.25 3583
270.25 3572
271.27 3582
272.27 3586
273.28 3587
274.28 3592
275.3 3577
276.3 3594
277.3 3607
278.31 3609
279.31 3617
280.33 3623
281.33 3299
282.34 3307
283.34 3633
284.36 3648
310.38 4830
311.38 4787
312.38 4979
313.38 5137
317.53 3191
318.53 3091
319.53 3047
320.53 3018
357.91 13748
5.38 13748
7.39 7485
8.39 7184
9.41 7219
10.41 7254
11.41 7314
60.69 7141
61.69 7079
62.69 7027
63.69 7344
81.73 6253
100.03 276
104.41 176
106.41 230
108.41 219
109.41 220
110.16 214
110.41 219
112.41 212
127.55 287
140.44 282
147.45 332
152.2 392
157.83 484
158.58 478
159.84 473
160.72 472
161.97 469
162.59 467
163.97 465
164.97 462
165.97 461
166.97 458
167.97 458
168.84 455
170.09 454
170.97 453
171.72 453
173.09 450
173.84 449
174.84 449
175.72 449
177.09 448
177.97 448
179.09 437
179.72 473
181.09 450
181.84 448
182.84 450
183.97 450
184.97 452
185.84 452
186.84 453
187.72 454
188.84 454
189.97 456
190.84 459
191.84 461
192.97 462
193.72 464
194.97 464
195.98 467
196.98 472
197.86 467
198.88 466
199.75 480
202.89 490
207.66 383
210.17 345
211.05 345
212.17 349
215.47 1978
216.44 288
221.5 2239
222.09 290
223.23 295
228.28 3048
228.64 284
235.33 3637
236.33 3727
237.22 3820
238.22 3957
239.22 4103
247.48 264
252.66 371
252.77 248
256.53 252
264.5 3600
265.5 3564
266.52 3562
267.52 3583
268.53 3592
269.53 3571
270.53 3574
271.55 3578
272.55 3580
273.56 3581
274.56 3595
275.56 3587
276.58 3598
277.58 3605
278.59 3609
279.59 3624
280.59 3629
281.61 3316
282.61 3296
283.62 3600
310.61 4821
311.61 4819
312.61 4996
315.75 3314
316.75 3202
317.77 3182
320.77 3001
323.52 5954
5.58 13748
6.58 7581
7.58 7360
8.58 7184
9.59 7199
10.59 7254
11.59 7324
26.66 13748
52.78 7708
59.81 7146
60.81 7126
61.81 7098
62.81 7088
63.81 7344
100.91 272
103.53 176
104.53 175
105.05 235
108.55 220
109.55 220
110.05 219
111.55 213
112.55 214
128.08 289
140.44 284
147.3 333
152.42 386
157.67 481
158.8 477
159.94 475
160.69 471
161.94 470
162.81 466
163.81 464
165.06 463
165.83 460
166.83 457
168.08 456
169.08 455
170.08 453
171.08 452
172.08 451
172.97 450
173.97 449
175.22 449
176.09 448
176.97 448
178.22 448
179.11 443
179.86 482
180.98 449
181.98 448
182.86 451
184.23 449
185 451
186.25 451
187.12 452
187.88 453
189.27 454
190.02 456
191.14 458
192.02 459
193.03 461
194.16 462
194.91 464
196.05 467
196.92 464
197.92 471
199.17 470
199.94 479
202.83 491
210.09 345
210.98 345
216 289
220.14 357
222.64 291
228.45 3060
228.67 284
229.06 286
230.56 282
235.48 3643
236.48 3740
237.38 3870
238.5 3941
239.38 4106
248.14 260
252.81 380
253.42 251
261.77 2635
262.77 2658
263.64 3600
264.66 3566
265.66 3572
266.67 3566
267.67 3560
268.67 3575
269.69 3583
270.69 3572
271.7 3576
272.7 3578
273.7 3570
274.72 3578
275.72 3595
276.73 3596
277.73 3581
278.75 3613
279.75 3628
280.75 3623
281.75 3323
283.77 3637
285.77 3736
310.75 4843
311.75 4837
312.75 5034
313.88 3314
316.89 3205
320.89 3002
6.77 7549
7.77 7490
8.78 7184
9.78 7180
10.78 7249
11.78 7354
26.84 13730
59.98 7170
60.98 7146
61.98 7102
63 7079
68.02 6894
81.06 6328
99.2 274
103.72 174
104.72 175
106.72 237
107.72 223
107.84 219
109.48 218
109.72 220
111.73 211
112.73 215
128.38 290
140.62 285
147.25 336
158.02 486
158.89 477
160.14 471
161.02 470
162.16 468
163.03 465
164.16 464
165.03 461
166.16 460
167.28 459
168.28 456
169.03 454
170.3 454
171.42 452
172.17 451
173.17 451
174.3 450
175.17 447
176.3 450
177.42 448
180.06 490
182.44 447
183.06 450
184.19 450
185.31 451
186.2 452
187.2 452
188.33 452
189.33 453
190.33 456
191.2 458
192.08 460
193.2 461
194.34 462
195.09 466
195.97 468
199.22 474
200.09 481
202.11 485
210.11 345
211.12 346
216.39 287
220.28 361
221.91 293
227.58 3070
228.31 284
229.94 286
235.61 3657
236.62 3760
237.5 3881
238.62 3943
239.52 4105
253.67 254
255.94 251
262.88 2545
264.77 3595
265.77 3565
266.78 3568
267.78 3551
268.78 3571
269.8 3576
270.8 3574
271.81 3578
272.81 3586
273.81 3577
274.81 3583
275.83 3596
276.83 3600
277.83 3599
278.83 3610
279.84 3627
280.84 3628
281.84 3319
283.86 3642
288.88 3777
310.84 4841
311.84 4837
312.84 5041
313.97 3320
316.98 3191
317.98 3157
318.98 3080
319.98 3009
320.98 2998
6.75 7576
7.75 7506
8.75 7224
9.75 7239
10.77 7294
11.77 7375
61.02 7150
62.02 7131
63.02 7088
81.08 6306
99.12 274
100.25 271
104 174
104.75 175
107.52 219
109.77 219
110.77 218
111.52 215
111.78 211
128.47 290
140.56 285
147.7 335
157.97 486
158.86 477
160.11 474
161.11 472
162.11 469
163.23 466
163.98 464
165.12 459
166 460
167.25 459
168 456
169.25 453
170.12 454
171.27 453
172.12 451
173.12 450
174 450
175.25 448
176.12 449
177.25 448
178.23 448
181.23 449
182.36 447
183.23 451
184.09 450
184.97 452
186.22 451
187.22 452
188.22 453
189.09 454
190.09 456
191.2 458
191.95 459
193.2 461
194.2 462
195.2 464
197.06 464
197.94 472
198.94 472
199.81 480
202.81 497
210.22 346
210.84 346
216 287
220.03 359
221.78 292
227.47 3070
228.48 3070
228.7 284
228.95 286
235.52 3657
236.53 3750
237.53 3871
238.41 3947
239.41 4110
247.55 260
253.81 250
261.75 2444
262.75 2451
263.75 2476
265.64 3600
266.64 3553
267.66 3566
268.66 3594
269.67 3583
270.67 3571
271.67 3581
272.69 3570
273.69 3581
274.7 3581
275.7 3590
276.7 3609
277.72 3602
278.72 3605
279.73 3617
280.73 3620
281.73 3321
283.75 3642
288.78 3775
289.67 3784
310.72 4832
311.72 4821
312.73 5044
313.86 3320
316.86 3195
5.62 13748
6.62 7549
7.64 7469
8.64 7219
9.64 7234
10.66 7258
11.66 7385
26.73 13838
59.84 7365
60.86 7150
61.86 7055
62.86 7074
80.92 6242
99.22 280
100.09 272
103.84 172
104.61 175
104.97 237
107.59 223
108.09 220
108.59 220
109.72 219
111.59 213
112.59 214
127.83 289
140.2 284
147.08 333
152.58 394
157.7 486
158.7 478
159.83 473
160.83 471
161.83 470
162.95 467
163.97 465
165.08 462
166.08 460
167.08 458
168.08 456
169.08 453
170.08 453
171.08 452
171.83 450
172.83 451
173.95 449
175.06 448
176.19 448
177.19 447
178.06 448
178.94 442
179.94 480
182.06 447
182.94 450
184.19 449
185.19 450
185.92 451
187.17 453
188.05 453
188.8 454
190.17 456
190.8 459
192.05 459
192.92 462
193.67 464
194.8 464
195.92 467
196.67 471
197.92 469
198.69 468
199.69 479
202.83 491
207.48 379
209.86 344
210.88 345
212.12 350
216.02 288
219.67 360
221.45 2309
222.06 290
222.44 300
227.36 3060
228.09 283
228.36 3059
229.47 285
229.86 284
235.39 3649
236.41 3746
237.41 3838
238.28 3949
239.28 4108
247.67 261
252.83 377
253.33 250
255.59 252
262.78 2361
263.66 2394
264.66 2398
266.55 3595
267.56 3592
268.56 3582
269.56 3571
270.58 3578
271.58 3577
272.59 3571
273.59 3578
274.59 3582
275.61 3596
276.61 3581
277.62 3590
278.62 3609
279.62 3620
280.64 3610
281.64 3320
282.66 3296
283.66 3612
285.67 3737
310.59 4826
311.61 4817
312.61 5022
316.73 3202
317.73 3182
320.73 2999
5.56 13748
7.56 7511
8.56 7224
9.58 7249
10.58 7254
11.58 7324
60.75 7141
61.75 7083
62.77 7074
63.77 7360
99.84 274
104.47 175
106.47 235
107.47 220
108.59 220
110.47 219
111.47 214
112.47 213
127.69 287
140.31 283
147.06 333
152.56 391
157.56 486
158.81 478
159.56 475
160.56 473
161.94 469
162.81 466
163.94 464
164.94 462
165.81 460
166.69 459
167.69 457
168.81 456
170.06 453
170.81 452
171.81 451
172.94 451
173.94 449
175.06 449
176.06 448
176.81 448
177.81 448
179.06 436
179.69 470
182.06 449
182.69 450
184.06 450
184.81 452
185.94 452
186.94 452
188.06 454
188.94 453
189.94 455
190.81 458
191.94 461
192.95 461
193.83 461
194.7 465
195.7 469
196.84 470
197.84 466
198.97 465
199.59 478
202.86 486
207.75 383
210.14 344
210.77 345
212.14 350
215.42 2063
216.28 287
221.31 2332
222.17 289
223.06 295
227.22 3063
228.22 3046
229.08 282
235.25 3622
236.27 3711
237.14 3820
238.27 3960
239.14 4084
252.92 225
254.56 244
257.08 250
262.5 2309
263.52 2332
264.52 2333
267.41 3600
268.41 3570
269.41 3560
270.42 3587
271.42 3580
272.42 3568
273.44 3584
274.44 3570
275.44 3578
276.45 3599
277.45 3610
278.45 3581
279.47 3615
280.47 3623
281.47 3289
282.48 3291
284.48 3649
310.41 4824
311.41 4824
312.41 5029
317.55 3189
320.55 3010