4 13748
18.86 7636
19.5 7680
20.14 7675
20.8 7731
21.44 7771
22.08 7782
22.72 7857
58.56 9177
65.09 8419
65.73 8419
66.39 8406
67.05 8412
82.11 7817
82.77 7817
100.36 276
102.2 225
103.52 173
104.17 175
104.83 176
108.66 220
108.75 219
110.05 220
110.7 218
111.36 213
112.02 212
112.67 214
116.92 1637
117.45 1649
118.11 1668
127.48 288
134.11 382
139.55 282
140.83 285
146.47 330
147.38 334
152.16 385
157.23 481
157.77 482
158.67 476
159.2 472
160 473
160.66 470
161.31 470
161.72 468
162.77 464
163.3 465
164.08 463
164.73 461
165.28 460
165.81 460
166.72 458
167.12 457
168.05 455
168.7 455
169.36 453
169.89 453
170.81 452
171.34 451
171.75 451
172.66 450
173.08 448
173.86 450
174.77 449
175.17 448
175.97 449
176.5 448
177.28 448
177.94 448
178.64 532
178.73 433
179.55 483
181.25 448
182.03 447
182.69 449
183.22 449
183.75 450
184.55 450
185.08 451
185.61 451
186.39 452
187.3 453
187.72 452
188.5 454
189.16 455
189.81 455
190.23 456
191.14 458
191.55 461
192.45 462
192.86 462
193.53 464
194.31 465
194.84 466
195.5 468
196.3 469
196.95 456
197.36 467
198.14 459
198.67 474
199.47 480
200.12 483
201.98 487
206.77 380
210.33 346
210.88 346
211.05 350
214.39 2525
215.06 2498
215.28 291
216.33 288
220.03 356
222.12 294
222.2 290
227.61 287
227.81 2467
229.16 280
229.95 279
233.84 2301
234.64 2261
235.31 2237
235.97 2221
236.64 2209
237.31 2170
237.98 2166
238.66 2152
239.33 2133
240 2131
246.05 266
247.69 260
250.88 227
255.7 248
262.17 2065
262.84 2058
263.52 2063
264.2 2054
264.88 2050
265.55 2057
266.22 2054
266.89 2064
267.56 2060
268.25 2054
268.92 2059
269.59 2032
270.27 2046
270.94 2052
271.62 2029
272.3 2057
272.97 2060
273.64 2032
274.31 2054
275 2067
275.67 2050
276.34 2065
277.02 2073
277.69 2052
278.36 2080
279.05 2081
279.72 2061
280.39 2087
281.06 2097
281.73 2075
282.42 2102
283.09 2104
283.77 2086
284.44 2114
285.11 2121
285.8 2109
286.47 2138
287.14 2139
287.81 2136
288.48 2151
289.16 2152
289.83 2173
290.5 2169
291.98 1795
292.66 1803
293.33 1809
294 1820
294.55 2195
295.22 2213
295.89 2264
296.45 2284
297.12 2305
298.59 2324
299.14 2359
302.52 2450
303.86 2489
305.2 2537
306.55 2586
307.91 2633
309.25 2686
310.61 2709
312.62 2813
314.53 2944
316.56 3055
319.25 3205
319.94 3295
326.02 3828
326.69 3839
327.36 3861
327.91 4074
328.59 4195
329.27 4309
329.94 4399
330.61 4490
331.28 4434
332.64 4351
334.66 5182
335.34 5403
336.02 5292
337.36 5490
338.3 2585
338.97 2561
339.64 2507
340.31 2512
340.98 2520
341.67 2506
342.34 2485
343.02 2476
343.69 2466
344.38 2456
345.05 2463
345.72 2432
346.39 2415
347.06 2407
347.75 2411
348.42 2360
349.22 2389
349.77 2394
350.45 2375
351.81 2420
18 8166
18.67 7647
19.36 7641
20.03 7669
20.72 7725
21.39 7754
22.08 7788
22.77 7822
65.25 8459
65.94 8399
67.33 8346
82.47 7817
100.02 278
101.33 210
101.45 279
103.89 175
104.58 175
108.72 219
109.28 221
110.11 220
110.8 218
111.48 211
112.17 212
116.94 1659
117.75 1663
127.28 286
139.92 280
139.98 283
146.72 330
147.41 330
156.59 483
157.3 481
158 475
158.81 476
159.52 474
160.08 472
160.78 469
161.47 468
162.42 466
162.86 465
163.81 464
164.27 461
164.95 461
165.66 459
166.47 458
167.05 457
167.86 457
168.69 454
169.27 454
169.95 453
170.66 453
171.23 452
172.05 450
172.75 450
173.33 450
174.27 452
174.84 450
175.8 448
176.48 448
177.19 448
177.89 448
179.48 482
181.12 449
181.95 448
182.78 449
183.34 450
183.8 450
184.62 452
185.19 451
186.14 450
186.72 453
187.66 452
188.11 454
188.69 455
189.38 454
190.08 456
191.03 458
191.48 460
192.19 459
193.02 461
193.72 464
194.3 464
195.12 468
196.28 470
197.48 456
197.94 471
198.52 464
199.34 477
200.05 480
202.48 493
207.12 383
209.48 345
210.56 346
210.77 345
215.02 2504
215.66 282
216.62 290
220.06 355
221.64 289
222.97 294
227.73 2472
228.75 283
229.08 281
234.22 2281
234.92 2258
235.62 2225
236.33 2215
237.05 2195
237.75 2176
238.45 2160
239.17 2136
239.88 2133
253.03 385
253.91 251
257.45 259
257.88 252
261.84 2055
262.56 2056
263.27 2041
263.98 2059
264.69 2055
265.41 2043
266.11 2058
266.83 2063
267.53 2040
268.25 2045
268.97 2062
269.67 2049
270.39 2056
271.09 2061
271.81 2052
272.52 2062
273.23 2064
273.94 2064
274.66 2060
275.36 2059
276.08 2074
276.78 2075
277.5 2070
278.2 2075
278.92 2079
279.64 2080
280.34 2088
281.05 2096
281.77 2075
282.47 2104
283.19 2109
283.89 2090
284.59 2114
285.31 2125
286.02 2129
286.73 2139
287.44 2150
288.14 2155
288.86 2159
289.56 2156
290.28 2170
291.81 1821
292.53 1797
293.23 1808
293.95 1824
294.53 2204
295.23 2221
295.95 2265
296.53 2285
297.25 2311
299.38 2364
300.08 2368
300.8 2396
301.5 2416
302.92 2446
304.34 2491
306.48 2580
307.91 2628
309.33 2692
311.47 2773
315.62 2976
318.47 3189
319.19 3195
325.59 3765
326.31 3832
327.02 3871
327.61 3823
328.33 4135
329.03 4259
329.75 4365
330.47 4473
331.17 4517
331.89 4376
332.59 4353
334.73 5182
335.45 5419
336.17 5297
338.55 2552
339.27 2555
341.41 2511
342.12 2500
342.83 2480
343.55 2470
344.25 2468
344.97 2459
345.69 2421
346.39 2415
347.11 2413
347.83 2403
350.09 2371
350.69 2369
18.97 7636
19.69 7703
20.41 7714
21.12 7759
21.84 7759
22.55 7828
58.56 9177
65.08 8406
65.8 8419
67.23 8359
82.42 7869
100.44 277
101.83 228
103.78 175
104.5 175
105.23 179
108.09 219
108.44 221
110.3 219
111.02 217
111.73 211
112.45 214
117.16 1655
117.89 1664
128.3 289
139.75 281
140.22 285
146.94 328
147.42 332
156.92 484
157.53 481
158.38 478
158.98 474
159.7 474
160.56 471
161.17 470
161.89 467
162.62 466
163.73 466
164.2 462
165.19 459
165.91 460
166.52 458
167.38 457
168.09 457
168.83 454
169.44 456
170.16 453
170.77 452
171.73 452
172.34 449
173.2 448
173.92 448
174.53 450
175.27 447
175.98 449
176.97 447
177.56 447
178.42 446
181.22 449
181.69 448
182.8 448
183.53 449
184 449
184.73 452
185.59 451
186.19 451
186.92 452
187.91 454
188.62 454
189.11 453
189.84 456
190.56 458
191.3 458
192.16 460
192.62 463
193.61 464
194.22 464
194.94 465
195.67 467
196.41 468
197.25 462
197.86 471
198.47 464
199.2 475
199.94 482
202.75 492
207.17 383
210.25 345
210.86 345
211.47 347
215.06 2510
216.14 290
220.16 358
221.89 290
222.5 294
227.58 2503
228.77 283
234.2 2285
235.06 2257
235.81 2221
236.55 2207
237.28 2178
238.02 2168
238.75 2150
239.5 2134
245.97 265
247.2 271
250.77 228
253.25 189
253.86 249
256.17 253
256.55 257
261.61 2069
262.34 2066
263.09 2046
263.83 2055
264.56 2053
265.3 2034
266.03 2058
266.78 2053
267.52 2047
268.25 2059
269 2051
269.73 2050
270.48 2057
271.22 2055
271.97 2054
272.7 2056
273.45 2045
274.19 2060
274.94 2062
275.67 2042
276.42 2059
277.16 2068
277.91 2065
278.64 2083
279.38 2091
280.12 2089
280.86 2090
281.61 2094
282.34 2099
283.09 2104
283.83 2085
284.58 2109
285.31 2120
286.06 2126
286.8 2137
287.55 2154
288.28 2156
289.03 2166
289.77 2162
290.52 2174
292.11 1791
292.84 1800
293.58 1821
294.92 2206
297.14 2283
297.75 2312
298.61 2324
299.22 2363
299.97 2363
300.7 2386
301.44 2414
302.91 2440
304.38 2494
305.12 2519
306.59 2577
308.06 2622
308.8 2677
310.28 2751
314.58 2944
317.55 3091
325.69 3836
326.42 3841
327.17 3834
327.91 3836
328.53 4166
329.27 4298
330 4407
330.75 4507
331.48 4346
335.94 5315
338.41 2568
339.14 2564
339.89 2543
340.62 2488
341.36 2510
342.11 2504
342.84 2478
343.59 2468
344.33 2468
345.06 2460
345.81 2421
346.55 2414
347.28 2405
348.03 2408
348.89 2054
349.52 2393
350.25 2372
350.98 2394
351.73 2407
3.95 13748
18.88 7680
19.61 7692
20.36 7720
21.11 7725
21.86 7759
22.59 7840
58.45 9177
65.19 8419
65.94 8399
67.42 8446
82.38 7846
99.84 278
100.84 283
104.22 175
104.95 177
107.33 219
108.08 220
109.58 220
110.44 211
110.94 218
111.56 213
117.53 1664
118.16 1679
127.89 288
140.48 283
141.09 278
147.2 336
156.95 483
157.83 480
158.7 478
159.47 473
160.09 472
160.97 470
161.59 468
162.59 466
163.34 466
164.09 463
164.59 462
165.59 462
166.09 459
167.09 456
167.72 457
168.47 454
169.22 453
170.22 453
170.72 454
171.61 452
172.23 451
173.11 450
173.86 449
174.61 449
175.11 448
175.98 449
176.86 447
177.61 447
178.36 445
181.12 449
182 447
182.62 451
183.62 447
184.12 449
185 451
185.88 450
186.38 450
187.25 451
188.14 453
188.77 453
189.52 456
190.14 457
190.89 458
191.89 459
192.52 460
193.39 462
194.14 463
194.77 464
195.28 467
196.28 470
197.05 460
197.55 470
198.44 462
199.31 474
200.08 481
210.31 346
210.94 346
214.91 2510
215.98 290
216.75 288
220.3 354
221.94 290
222.19 294
227.81 2464
228 281
228.52 282
234.02 2297
234.64 2263
235.53 2242
236.28 2213
237.05 2191
237.81 2175
238.56 2160
239.33 2141
240.08 2142
245.34 267
252.17 227
254.33 252
256 248
262.2 2062
262.97 2048
263.73 2062
264.5 2060
265.27 2031
266.03 2055
266.78 2066
267.55 2032
268.31 2048
269.08 2057
269.84 2049
270.61 2055
271.38 2054
272.14 2061
272.91 2057
273.67 2030
274.44 2051
275.2 2061
275.97 2065
276.73 2069
277.5 2070
278.27 2075
279.02 2083
279.78 2063
280.55 2088
281.31 2099
282.08 2095
282.84 2102
283.61 2115
284.38 2119
285.14 2122
285.91 2117
286.67 2138
287.44 2148
288.2 2164
288.97 2163
289.73 2155
290.5 2175
292.14 1791
292.91 1805
293.67 1810
294.31 2207
295.08 2208
295.72 2262
296.48 2275
297.25 2304
299.55 2371
305.66 2539
307.95 2632
308.72 2670
309.48 2664
311.78 2788
312.55 2837
314.72 2930
318.53 3190
319.3 3203
320.83 3314
322.36 3443
326.19 3775
326.95 3841
327.72 3813
328.36 4129
329.12 4281
329.89 4390
330.66 4460
331.42 4346
332.19 4355
332.95 4355
336.02 5315
337.55 5498
338.56 2554
339.33 2565
340.08 2502
340.84 2528
341.61 2508
342.38 2493
343.14 2481
343.91 2468
344.67 2452
345.44 2447
346.2 2420
346.97 2409
347.72 2413
348.48 2359
349.25 2397
350.02 2396
350.78 2372
18.88 7680
19.64 7697
20.42 7697
21.19 7731
21.97 7771
22.73 7851
65.25 8453
66.03 8373
67.58 8507
82.28 7686
100.73 277
103.88 175
104.66 175
105.45 234
106.77 220
107.16 219
109.06 220
109.73 218
110.09 220
111.62 211
112.41 213
116.98 1647
117.89 1664
127.17 285
139.17 279
140.56 285
146.95 332
157.36 481
157.89 478
158.92 475
159.45 473
160.23 474
161.02 471
162.16 468
162.69 466
163.59 465
164.12 463
165.03 461
165.94 460
166.72 458
167.38 456
168.27 456
169.05 454
169.83 453
170.61 452
171.64 452
172.3 449
173.08 449
173.98 448
174.75 449
175.28 450
175.94 449
176.97 448
177.88 447
178.66 435
180.73 449
181.77 449
182.3 450
183.19 449
183.84 450
184.75 450
185.41 451
186.42 451
187.08 453
187.98 453
188.38 454
189.41 452
190.19 456
190.97 458
191.48 461
192.39 461
193.3 461
193.94 462
194.84 464
195.25 466
196.28 468
197.05 462
197.58 471
198.61 465
199.25 476
199.91 487
202.23 488
207.28 377
209.77 345
210.94 345
211.23 353
214.84 2507
215.52 289
216.69 288
220.05 355
221.59 290
222.5 294
227.5 2506
228.28 2443
228.42 281
229.2 282
234.7 2264
235.48 2248
236.27 2220
237.06 2191
237.84 2172
238.62 2158
239.42 2139
240.2 2144
246.36 265
247.69 261
252.77 381
252.94 258
255.97 260
256.92 250
262.27 2072
263.05 2053
263.84 2059
264.62 2057
265.42 2042
266.22 2057
267 2061
267.8 2056
268.58 2054
269.38 2045
270.16 2049
270.95 2061
271.73 2032
272.53 2052
273.31 2062
274.11 2063
274.89 2061
275.69 2048
276.47 2071
277.27 2069
278.06 2069
278.84 2075
279.62 2081
280.42 2095
281.2 2097
282 2092
282.78 2106
283.58 2116
284.36 2119
285.14 2122
285.94 2119
286.72 2136
287.52 2147
288.3 2167
289.09 2165
289.88 2168
290.67 2173
292.36 1794
293.16 1808
293.94 1823
294.61 2202
295.39 2222
296.19 2271
296.97 2291
297.62 2318
298.55 2328
299.2 2356
300 2368
300.78 2399
301.58 2415
302.36 2435
303.94 2490
305.52 2541
307.89 2629
309.47 2698
312.64 2833
315.67 2979
324.38 3607
325.95 3854
326.73 3841
327.53 3841
328.2 4145
328.98 4245
329.78 4353
330.56 4468
331.36 4440
332.14 4390
332.94 4351
335.3 5450
336.09 5305
337.67 5518
338.7 2551
339.5 2552
340.28 2480
341.08 2519
341.88 2500
342.66 2488
343.45 2477
344.23 2466
345.03 2469
345.81 2433
346.61 2417
347.39 2410
348.19 2396
348.97 2582
349.77 2376
350.55 2374
18.73 7592
19.53 7669
20.33 7737
21.12 7737
21.92 7771
22.72 7822
64.92 8453
65.72 8392
66.52 8392
67.31 8392
82.45 7822
100.72 277
102.03 217
103.64 173
104.44 175
105.23 179
108.42 219
108.77 220
109.22 220
109.81 218
111.86 212
112.41 213
113.47 255
117.48 1663
118.16 1677
127.69 283
128.11 289
139.25 278
140.42 284
147.14 335
152.36 390
156.97 483
158.02 480
158.7 477
159.38 475
160.3 473
161.23 471
162.03 468
162.83 466
163.64 465
164.44 462
165.11 461
165.92 460
166.72 457
167.64 456
168.45 455
169.25 453
170.05 454
170.73 452
171.78 452
172.58 450
173.39 448
174.19 451
175.12 448
175.8 447
176.59 448
177.39 448
178.33 446
179 441
179.8 467
181.41 448
182.2 447
182.75 450
183.69 449
184.61 449
185.53 450
186.08 452
186.77 454
187.94 454
188.61 454
189.42 455
190.34 456
190.77 458
191.56 459
192.5 460
193.17 460
194.22 462
194.78 463
195.7 467
196.5 470
197.3 458
198.11 474
199.03 470
199.7 474
201.88 488
202.8 491
209.33 345
210.39 346
211.44 346
214.83 2508
216.23 288
220.08 358
222 290
222.81 294
228.72 283
229.89 283
235.16 2254
235.97 2228
236.78 2199
237.59 2182
238.41 2162
239.2 2136
240.02 2133
246.08 260
247.14 261
254.36 259
256.28 252
257.72 258
261.91 2073
262.72 2060
263.52 2059
264.33 2059
265.14 2046
265.95 2057
266.77 2059
267.58 2031
268.39 2055
269.2 2059
270.02 2053
270.83 2050
271.64 2031
272.45 2058
273.27 2062
274.08 2066
274.89 2061
275.7 2045
276.5 2060
277.31 2067
278.12 2074
278.94 2081
279.75 2069
280.55 2095
281.36 2098
282.17 2102
282.98 2105
283.8 2104
284.59 2117
285.41 2128
286.22 2135
287.03 2141
287.84 2136
288.66 2163
289.45 2158
290.27 2173
292.02 1793
292.83 1802
293.62 1808
294.31 2203
295.12 2208
295.94 2263
296.75 2280
297.42 2306
299.86 2369
301.48 2405
302.28 2438
303.09 2446
303.91 2492
307.95 2629
309.58 2681
310.39 2736
312.81 2816
313.62 2872
316.75 3060
317.55 3106
318.36 3177
319.17 3202
319.98 3302
320.8 3325
322.41 3440
325.66 3770
326.47 3836
327.28 3834
327.95 4069
328.77 4214
329.58 4332
330.39 4449
331.2 4530
332 4362
332.81 4340
336.05 5284
337.67 5527
338.73 2554
339.55 2552
340.36 2443
341.16 2513
341.97 2500
342.78 2476
343.59 2466
344.41 2463
345.2 2442
346.02 2425
346.83 2417
347.64 2407
348.45 2360
349.25 2395
350.06 2394
350.88 2372
19.02 7641
19.83 7708
20.64 7692
21.45 7737
22.28 7799
58.19 9177
65.52 8412
66.33 8412
67.16 8439
82.7 7857
100.81 280
104.25 175
105.08 177
109.14 220
109.27 218
109.95 220
110.47 212
112.41 213
113.91 256
117.62 1665
128.06 286
140.44 284
147.11 336
152.56 393
157.56 484
158.12 478
158.95 475
159.91 474
160.72 471
161.42 470
162.36 467
163.44 466
164.12 464
165.08 462
165.66 461
166.59 458
167.55 456
168.11 455
169.19 453
169.88 453
170.7 453
171.64 452
172.34 449
173.3 449
174.11 450
175.06 449
175.62 448
176.45 447
177.39 448
178.34 446
179.3 439
179.61 471
181.38 448
182.33 448
183.02 451
184.09 449
184.92 450
185.48 451
186.44 451
187.12 452
187.95 454
188.91 454
189.72 454
190.55 456
191.11 458
191.94 459
192.77 462
193.83 463
194.41 465
195.22 468
196.3 468
196.75 469
197.69 467
198.52 461
199.45 475
200.16 482
202.5 490
207.48 384
209.39 348
210.7 346
211.16 346
211.86 350
214.95 2511
216.78 289
220.11 358
222.19 291
223 294
228.16 2457
228.41 282
233.94 2300
234.88 2261
235.7 2235
236.53 2210
237.36 2182
238.19 2170
239.02 2149
239.83 2131
252.73 230
253.22 258
256.31 252
256.52 259
262.16 2055
262.98 2055
263.81 2063
264.64 2062
265.47 2047
266.3 2044
267.12 2057
267.95 2054
268.8 2055
269.62 2039
270.45 2064
271.28 2058
272.11 2061
272.94 2067
273.77 2034
274.59 2055
275.42 2066
276.25 2061
277.08 2073
277.91 2055
278.73 2082
279.56 2090
280.39 2093
281.22 2092
282.06 2093
282.88 2102
283.7 2107
284.53 2117
285.36 2128
286.19 2130
287 2139
287.83 2141
288.66 2176
289.48 2170
290.31 2170
292.08 1792
292.91 1801
293.73 1810
294.44 2213
295.27 2220
295.95 2268
296.78 2302
297.73 2322
298.56 2325
299.27 2360
300.08 2365
300.91 2397
301.73 2436
302.56 2450
306.69 2582
308.34 2634
309.17 2672
311.66 2764
314.84 2956
326.44 3819
327.27 3835
327.97 4072
328.8 4200
329.62 4337
330.45 4445
331.28 4502
332.11 4385
332.94 4351
335.41 5439
336.23 5294
338.97 2568
341.45 2508
342.28 2496
343.11 2478
343.94 2471
344.77 2462
345.59 2423
346.42 2416
347.25 2409
348.08 2409
348.89 2405
349.72 2377
350.67 2371
351.69 2404
19.22 7603
20.06 7692
20.89 7725
21.72 7748
22.55 7828
65.03 8439
65.86 8426
67.53 8500
82.52 7822
100.84 280
104.3 175
105.12 177
108.05 221
109 221
110.45 218
111.78 211
112.62 215
117.25 1660
118.2 1669
127.56 284
128.14 296
140.16 285
147.62 333
156.97 485
157.69 481
158.52 478
159.59 474
160.31 472
161.39 469
161.98 468
162.69 466
163.91 463
164.48 461
165.31 461
166.14 459
167.11 457
167.94 456
168.77 454
169.61 454
170.31 453
171.14 451
172.11 451
173.06 450
174.02 449
174.61 450
175.44 447
176.52 449
177.11 448
177.94 448
179.02 438
179.84 455
181.27 448
182.34 448
183.19 450
183.89 449
184.72 450
185.69 450
186.52 452
187.22 452
188.06 454
188.89 455
189.47 455
190.31 456
191.39 458
192.23 459
193.08 461
193.92 462
194.75 464
195.34 468
196.44 470
197.16 455
197.98 471
198.7 466
199.42 475
202.19 487
202.91 490
209.78 344
210.88 345
211.72 356
214.69 2514
215.52 2494
216.58 291
221.7 289
222.67 294
228.12 2456
229.3 281
234.12 2289
234.97 2261
235.81 2228
236.66 2207
237.5 2179
238.33 2161
239.17 2140
240.02 2133
245.61 265
254.22 247
255.84 255
256.12 247
261.94 2067
262.78 2061
263.62 2058
264.47 2054
265.31 2037
266.16 2053
267 2048
267.84 2049
268.69 2051
269.53 2034
270.38 2055
271.22 2055
272.06 2055
272.91 2060
273.75 2043
274.61 2061
275.45 2065
276.3 2065
277.14 2077
277.98 2061
278.83 2080
279.69 2074
280.53 2088
281.38 2096
282.22 2102
283.06 2105
283.91 2100
284.75 2114
285.61 2125
286.45 2133
287.3 2134
288.14 2147
288.98 2150
289.83 2158
290.69 2178
292.5 1794
293.34 1805
294.19 1823
294.91 2200
295.77 2241
296.61 2275
299.86 2374
301.55 2418
302.39 2445
304.08 2497
305.77 2545
306.61 2577
308.3 2631
309.14 2670
311.67 2773
312.39 2847
314.92 2956
315.77 2976
316.61 3041
320.83 3321
321.67 3351
322.52 3442
325.77 3860
326.73 3839
327.45 3853
328.3 4140
329.14 4242
329.98 4392
330.83 4488
331.67 4351
335.91 5436
336.75 5416
337.59 5492
338.69 2549
339.53 2553
340.38 2511
341.22 2522
342.06 2497
342.91 2480
343.75 2470
344.59 2452
345.44 2444
346.28 2418
347.12 2404
347.97 2410
348.94 2210
349.67 2373
350.52 2374
18.97 7641
19.83 7686
20.67 7725
21.53 7720
22.38 7788
65.8 8426
67.5 8486
82.83 7904
100.12 283
100.73 278
104.08 175
104.94 176
109.2 220
110.05 220
110.91 218
111.75 211
112.61 215
117.55 1665
127.64 288
139.69 283
147.69 334
152.17 381
157.27 486
158.12 480
158.98 475
159.72 474
160.83 471
161.55 468
162.53 466
163.39 467
164.38 463
164.98 460
165.84 459
166.94 458
167.92 456
168.53 455
169.39 456
170.5 453
171.23 452
171.97 451
173.06 451
173.67 450
174.78 449
175.64 449
176.25 449
177.11 448
178.08 447
181.27 449
182.25 449
183.11 450
183.97 449
184.95 452
185.56 452
186.67 451
187.28 453
188.14 453
189.25 455
189.86 457
190.84 458
191.83 458
192.69 460
193.3 462
194.03 463
195.14 466
195.88 467
196.61 469
197.59 465
198.58 460
199.31 475
200.17 477
202.62 491
210.02 347
210.5 350
214.89 2511
216.44 295
220.23 355
222.47 291
223.08 295
227.8 2496
228.25 282
229.23 282
234.81 2271
235.69 2234
236.55 2214
237.41 2178
238.27 2168
239.12 2147
240 2131
252.89 249
254.38 245
256.2 259
257.47 248
262.42 2072
263.3 2050
264.16 2057
265.02 2053
265.89 2053
266.75 2064
267.62 2032
268.48 2049
269.34 2046
270.22 2053
271.08 2052
271.95 2055
272.81 2063
273.67 2050
274.55 2064
275.41 2055
276.28 2065
277.14 2075
278 2055
278.88 2082
279.73 2076
280.61 2087
281.47 2099
282.33 2104
283.2 2105
284.06 2101
284.94 2117
285.8 2115
286.66 2144
287.53 2144
288.39 2162
289.27 2171
290.12 2166
291 2180
291.98 1792
292.84 1805
293.7 1809
294.45 2192
295.31 2210
296.17 2271
297.03 2288
297.78 2316
298.64 2333
299.5 2363
302.95 2447
303.81 2493
308.14 2623
310.72 2724
311.59 2755
315.78 2956
316.64 3032
317.5 3094
318.38 3149
319.23 3209
320.09 3274
320.97 3295
324.42 3606
326.16 3849
327.02 3835
327.88 3838
328.62 4151
329.48 4288
330.34 4425
331.22 4513
332.08 4380
335.53 5458
336.41 5294
338.38 2588
339.25 2561
340.11 2507
340.97 2523
341.84 2511
342.7 2492
343.56 2476
344.44 2465
345.3 2447
346.17 2435
347.03 2417
347.89 2406
348.89 2270
349.75 2392
350.5 2375
351.36 2387
18.72 7625
19.59 7641
20.45 7725
21.33 7742
22.19 7771
65.66 8419
66.53 8359
67.39 8466
100.33 277
101.97 214
103.7 173
104.58 175
108.53 220
108.91 219
110.64 218
111.14 212
111.52 213
117.53 1667
128.48 289
140.16 276
140.28 284
146.97 334
157.14 482
158.02 483
158.89 475
159.89 474
160.62 471
161.5 470
162.62 468
163.5 466
164.12 465
165.23 462
165.98 460
166.73 458
167.61 458
168.61 455
169.36 455
170.34 454
171.34 452
172.09 452
172.97 449
174.09 448
174.95 449
175.58 449
176.58 448
177.45 448
178.45 446
180.94 449
181.94 448
182.44 450
183.44 450
184.44 450
185.19 451
186.31 450
186.94 453
188.06 453
188.56 452
189.56 455
190.31 455
191.44 458
192.31 460
193.06 460
193.81 463
194.81 464
195.56 467
196.44 469
197.44 458
198.19 464
198.94 473
200.06 482
202.44 488
210.06 343
211.06 343
214.95 2516
216.45 295
220.47 359
221.97 292
223.09 288
228.11 2455
228.86 281
229.36 280
234.25 2285
235.25 2258
236.12 2221
237.02 2198
237.89 2175
238.77 2160
239.64 2133
253.42 240
255.69 247
256.69 256
262.48 2070
263.36 2050
264.23 2057
265.12 2052
266 2066
266.88 2051
267.77 2053
268.64 2048
269.52 2026
270.41 2063
271.28 2052
272.16 2057
273.05 2057
273.92 2046
274.8 2062
275.69 2048
276.56 2068
277.44 2073
278.33 2083
279.2 2079
280.08 2071
280.97 2090
281.84 2082
282.72 2103
283.61 2109
284.48 2117
285.36 2126
286.25 2130
287.12 2132
288 2139
288.89 2157
289.77 2154
290.64 2177
292.53 1794
293.42 1809
294.3 1819
295.05 2209
295.92 2261
296.8 2289
297.55 2315
298.42 2333
299.31 2360
300.19 2366
301.06 2399
305.45 2535
308.08 2631
310.72 2716
311.59 2755
315.86 2980
316.73 3050
317.61 3089
318.48 3166
319.36 3211
320.23 3291
326.27 3805
327.27 3834
328.02 4069
328.89 4224
329.78 4347
330.66 4479
331.53 4337
335.92 5394
336.8 5444
337.69 5507
338.81 2549
339.69 2513
340.56 2545
341.45 2510
342.33 2497
343.2 2478
344.08 2468
344.95 2468
345.84 2437
346.72 2417
347.59 2404
348.47 2353
349.36 2396
350.36 2381
351.23 2376
18.92 7692
19.8 7680
20.69 7731
21.56 7754
22.45 7782
58.66 9177
65.72 8392
66.59 8426
67.47 8406
82.48 7805
99.72 281
101.23 279
104.23 175
105.12 177
108.66 219
109.55 220
110.42 219
111.3 215
112.44 212
114.33 260
117.64 1670
128.31 290
139.89 280
140.91 283
147.97 332
152.02 389
157.7 481
158.58 476
159.72 473
160.34 473
161.48 471
162.23 468
163.12 464
164 464
164.64 462
165.64 461
166.78 458
167.66 455
168.55 454
169.42 454
170.44 453
171.19 452
171.95 451
173.08 451
173.72 450
174.72 449
175.61 449
176.38 448
177.12 447
178.14 446
179.02 444
179.78 483
181.8 448
182.67 449
183.69 450
184.44 450
185.2 450
186.2 451
186.97 454
188.09 453
188.98 456
189.62 455
190.38 456
191.52 458
192.28 460
193.3 460
194.06 462
194.83 465
195.72 467
196.73 470
197.48 462
198.5 459
199.27 477
200.03 482
202.83 490
207.25 382
210.05 346
211.06 346
212.2 349
214.55 2506
215.44 2496
215.48 282
216.5 288
221.95 289
222.84 294
227.86 2468
228.55 283
229.44 282
234.2 2278
234.97 2252
235.98 2230
236.88 2200
237.77 2179
238.64 2161
239.53 2136
254.67 241
256.86 256
257.34 246
261.8 2077
262.69 2066
263.58 2057
264.47 2061
265.36 2037
266.25 2063
267.14 2050
268.03 2054
268.92 2061
269.81 2052
270.7 2063
271.59 2033
272.5 2062
273.38 2065
274.27 2068
275.16 2064
276.05 2061
276.94 2074
277.83 2057
278.72 2075
279.61 2089
280.5 2090
281.39 2096
282.28 2099
283.17 2106
284.06 2110
284.95 2121
285.84 2117
286.73 2127
287.62 2141
288.52 2162
289.41 2164
290.3 2171
292.2 1791
293.09 1801
293.98 1810
294.75 2204
299.97 2369
300.86 2402
302.62 2439
304.41 2496
305.3 2532
307.08 2581
307.97 2631
310.64 2736
311.53 2779
315.09 2910
315.86 2989
316.75 3017
317.64 3099
318.53 3152
319.42 3233
320.31 3284
322.98 3477
325.66 3762
326.55 3816
327.44 3813
328.2 4121
329.09 4245
329.97 4385
330.86 4488
331.75 4356
332.64 4401
336.19 5294
338.22 2552
339.11 2571
340 2525
340.88 2526
341.77 2512
342.66 2491
343.55 2478
344.44 2464
345.33 2450
346.22 2437
347.09 2415
347.98 2408
348.88 2401
349.77 2378
350.66 2374
18.8 7603
19.69 7697
20.58 7720
21.47 7759
22.36 7788
65.28 8439
66.19 8446
67.08 8399
82.25 7840
100.14 283
101.16 278
104.17 175
105.06 177
108.64 219
109.05 219
109.53 220
110.06 215
111.33 212
117.83 1663
127.69 283
128.58 285
140.42 284
147.58 334
157.45 481
158.22 479
159.11 475
160.27 472
161.03 470
162.17 467
162.81 466
163.97 464
164.86 462
165.5 462
166.52 459
167.28 457
168.19 456
169.2 454
170.34 452
170.98 451
171.77 451
173.03 449
173.8 448
174.56 449
175.45 449
176.34 448
177.23 448
178.27 446
179.03 444
179.67 481
180.81 450
181.7 449
182.59 450
183.5 449
184.64 450
185.41 451
186.17 451
187.06 452
188.08 453
188.84 454
189.75 455
190.52 458
191.41 461
192.55 459
193.19 462
194.08 463
194.98 467
195.75 467
196.77 469
197.78 467
198.67 464
199.44 476
202.14 489
207.53 384
209.84 343
210.73 344
214.98 2515
216 295
220.17 361
222.58 293
227.62 2507
228.52 280
233.94 2299
234.95 2263
235.86 2230
236.77 2211
237.66 2179
238.56 2162
239.47 2141
252.83 244
255.91 247
256.92 257
262 2074
262.91 2068
263.81 2071
264.7 2061
265.61 2040
266.52 2057
267.42 2032
268.31 2049
269.22 2050
270.12 2057
271.03 2060
271.94 2052
272.83 2061
273.73 2048
274.64 2063
275.55 2062
276.44 2069
277.34 2070
278.25 2078
279.16 2082
280.06 2067
280.95 2095
281.86 2081
282.77 2099
283.67 2113
284.58 2114
285.47 2127
286.38 2135
287.27 2137
288.17 2150
289.06 2165
289.97 2169
290.86 2177
292.8 1795
293.69 1807
294.47 2201
295.36 2216
296.27 2271
297.03 2299
301.53 2423
302.44 2436
304.23 2494
306.94 2577
310.53 2716
314.91 2953
315.81 2975
316.72 3041
317.62 3088
318.52 3163
319.42 3214
325.75 3781
326.66 3827
327.44 3845
328.33 4140
329.23 4264
330.14 4401
331.05 4511
331.95 4363
332.84 4351
336.47 5305
337.36 5487
338.52 2578
339.42 2554
340.33 2482
341.23 2520
342.14 2493
343.03 2481
343.94 2466
344.83 2458
345.73 2419
346.64 2416
347.53 2406
348.56 2362
349.34 2389
350.23 2381
351.14 2387
358.28 13748
4.27 13748
18.7 7576
19.61 7664
20.52 7697
21.42 7742
22.33 7794
65.77 8386
67.58 8439
82.95 7828
100.98 277
102.33 224
104.14 175
105.05 177
108.66 219
109.55 220
110.45 219
110.61 215
112.27 212
117.91 1672
127.81 286
139.19 280
140.34 284
146.83 330
147.61 337
152.41 389
157.09 485
158.25 478
159.02 478
159.92 474
160.7 470
161.98 468
162.89 464
163.8 464
164.58 462
165.48 461
166.52 458
167.3 458
168.31 455
169.22 453
170 453
170.91 453
171.81 453
172.84 450
173.88 449
174.41 450
175.69 447
176.34 449
177.5 448
178.14 447
181.11 449
182.02 449
182.55 449
183.83 449
184.61 450
185.27 450
186.17 451
187.2 452
187.98 453
189.27 453
190.05 456
190.83 459
191.75 459
192.66 461
193.31 463
194.47 463
195.5 467
196.05 468
197.33 460
197.98 474
199.14 470
199.69 479
202.41 488
210.03 345
211.19 346
214.59 2516
215.5 2488
215.83 282
216.11 288
222.33 290
222.98 294
228.06 282
228.25 2456
229.61 282
234.73 2258
235.66 2237
236.56 2216
237.47 2179
238.38 2162
239.3 2143
240.2 2136
248.69 260
255.75 257
256.84 247
262.06 2068
262.97 2063
263.89 2067
264.8 2060
265.7 2057
266.62 2065
267.53 2037
268.44 2050
269.36 2039
270.27 2056
271.17 2054
272.09 2058
273 2057
273.91 2052
274.83 2061
275.73 2045
276.64 2070
277.56 2071
278.47 2079
279.39 2082
280.3 2087
281.2 2094
282.12 2097
283.03 2104
283.94 2095
284.86 2121
285.77 2116
286.69 2130
287.59 2143
288.5 2159
289.42 2162
290.33 2173
292.28 1791
293.19 1806
294.11 1824
294.89 2205
295.8 2261
296.59 2284
297.5 2313
298.41 2331
299.45 2354
300.23 2378
302.97 2456
303.88 2489
306.61 2576
308.44 2664
309.34 2676
313 2839
313.91 2878
314.69 2917
315.61 2980
319.25 3200
321.06 3324
326.53 3809
327.45 3809
328.23 4111
329.14 4257
330.06 4401
330.97 4494
331.88 4365
332.78 4356
336.42 5307
337.33 5481
338.48 2572
339.41 2551
340.31 2479
341.22 2519
342.12 2494
343.05 2482
343.95 2470
344.86 2462
345.77 2435
346.67 2419
347.59 2404
348.5 2360
349.41 2394
350.31 2380
351.36 2389
352.03 2419
19.11 7636
20.03 7686
20.94 7720
21.86 7771
22.77 7822
65.73 8406
67.56 8419
100.45 280
100.73 281
104.41 175
105.31 180
108.09 219
110.12 220
110.78 218
111.58 211
112.61 214
117.47 1666
128.22 289
139.81 285
147.77 337
152.48 391
157.75 481
158.92 475
159.7 474
160.62 471
161.78 468
162.58 465
163.48 464
164.64 462
165.44 460
166.22 459
167.27 459
168.05 456
168.97 455
170.25 452
170.91 451
172.08 452
172.61 450
173.66 449
174.56 449
175.36 449
176.52 448
177.44 448
178.22 446
181.09 449
181.77 448
182.8 449
183.72 449
184.64 450
185.55 451
186.34 452
187.5 454
188.3 453
189.22 455
190.25 456
191.17 458
191.97 460
192.88 460
193.8 463
194.58 464
195.5 466
196.3 468
197.33 459
198.5 462
199.17 475
200.2 481
202.7 489
207.5 378
210.75 344
211.53 347
215 2516
215.58 294
220.09 360
222.5 293
227.84 2465
229.55 281
234.39 2283
235.31 2254
236.23 2222
237.16 2197
238.06 2169
238.98 2147
239.91 2136
247.41 262
247.61 261
250.78 227
253.17 258
253.7 270
256.05 252
261.94 2065
262.86 2058
263.77 2055
264.69 2057
265.61 2053
266.53 2057
267.45 2035
268.38 2053
269.3 2042
270.22 2057
271.14 2053
272.06 2055
272.97 2059
273.89 2048
274.81 2064
275.73 2048
276.66 2075
277.58 2071
278.5 2078
279.42 2079
280.34 2090
281.27 2096
282.19 2102
283.09 2103
284.02 2094
284.94 2123
285.86 2110
286.78 2135
287.7 2139
288.62 2156
289.55 2163
290.47 2175
292.44 1791
293.34 1804
294.27 1822
295.05 2207
295.97 2258
296.89 2292
297.67 2318
298.72 2330
299.52 2364
303.17 2447
304.09 2492
306.84 2576
309.59 2698
310.52 2711
316.8 3062
318.64 3185
325.97 3856
326.88 3827
327.8 3854
328.59 4172
329.5 4302
330.42 4436
331.33 4479
335 5255
335.92 5416
338.91 2549
341.66 2507
342.58 2483
343.5 2475
344.41 2466
345.33 2446
346.23 2419
347.16 2416
348.08 2405
348.98 2477
349.91 2376
350.83 2369
4.25 13748
18.97 7647
19.89 7686
20.8 7731
21.72 7765
22.64 7794
64.97 8426
65.89 8412
82.45 7748
100.44 277
102.02 214
103.86 175
104.78 175
109.38 220
109.42 219
111.2 216
112.12 212
117.98 1671
127.61 287
139.53 283
147.19 334
152.2 389
157.78 479
158.83 476
159.88 473
160.78 471
161.58 470
162.62 467
163.55 465
164.34 463
165.52 460
166.44 459
167.11 458
168.28 456
168.95 453
170.12 452
170.91 453
171.95 452
172.88 451
173.66 449
174.83 449
175.75 447
176.42 449
177.58 448
178.5 446
180.88 449
182.05 449
182.84 450
183.88 450
184.67 451
185.84 451
186.75 451
187.42 452
188.34 454
189.27 454
190.05 456
191.22 457
191.89 459
192.8 460
193.97 464
194.77 464
195.44 466
196.47 470
197.64 461
198.56 460
199.23 475
200.16 486
202.8 491
207.25 383
209.72 348
210.64 346
211.81 347
215.2 2493
216.02 291
221.8 291
222.97 294
228.14 2454
228.27 282
228.81 283
234.75 2266
235.67 2237
236.59 2212
237.53 2178
238.45 2160
239.38 2139
254.33 251
256.36 250
256.66 258
262.52 2070
263.45 2046
264.38 2056
265.3 2042
266.22 2058
267.16 2063
268.08 2061
269 2059
269.92 2053
270.86 2067
271.78 2036
272.7 2056
273.62 2048
274.56 2059
275.48 2072
276.41 2076
277.33 2069
278.27 2079
279.19 2084
280.11 2072
281.03 2094
281.97 2077
282.89 2106
283.81 2102
284.73 2114
285.67 2130
286.59 2132
287.52 2142
288.44 2160
289.36 2161
290.28 2173
292.25 1794
293.17 1807
294.09 1823
294.89 2204
295.81 2263
296.73 2291
297.53 2307
298.45 2322
299.38 2358
300.31 2374
303.08 2446
304 2489
306.77 2578
309.53 2675
310.45 2736
314.95 2950
315.88 2964
316.8 3040
317.72 3089
318.64 3176
325.89 3850
326.94 3834
327.73 3853
328.66 4180
329.58 4309
330.5 4449
331.42 4475
336.03 5391
339.05 2553
339.97 2519
340.89 2534
341.81 2505
342.73 2485
343.66 2467
344.58 2458
345.5 2444
346.42 2420
347.34 2413
348.27 2401
349.19 2482
350.11 2381
351.03 2374
351.73 2407
19.27 7669
20.19 7703
21.12 7742
22.05 7771
65.52 8399
66.44 8399
67.38 8399
101.02 279
103.69 173
104.61 175
106.22 234
108.31 219
109.23 219
110.17 220
111.08 218
112 211
118.03 1664
128.3 286
139.78 283
141.58 279
147.47 336
152.39 388
157.86 481
158.78 475
159.7 474
161 471
161.92 470
162.72 467
163.39 466
164.58 463
165.5 461
166.42 459
167.22 458
168.39 456
169.19 453
170.23 453
171.16 452
172.2 451
173 451
173.8 448
174.72 449
175.77 448
176.81 448
177.48 447
180.02 495
181.19 450
181.98 448
183.28 450
183.95 450
185.12 452
185.92 452
186.72 451
187.77 452
188.44 455
189.61 454
190.41 457
191.33 458
192.12 460
193.05 461
193.98 462
195.16 465
196.89 470
197.81 466
198.62 464
199.42 476
202.2 485
209.83 345
211.12 346
211.81 353
214.69 2516
215.61 2493
216.22 282
216.39 288
220.41 354
222.52 296
222.59 291
227.7 2503
228.59 282
234.22 2285
235.27 2253
236.2 2220
237.14 2191
238.06 2168
239 2152
239.92 2134
247.47 262
250.89 227
254.36 273
255.17 250
256.73 255
262.28 2059
263.22 2051
264.14 2064
265.08 2053
266.02 2061
266.94 2063
267.88 2059
268.8 2065
269.73 2033
270.67 2056
271.59 2036
272.53 2058
273.47 2059
274.39 2065
275.33 2063
276.25 2062
277.19 2069
278.12 2074
279.05 2082
279.98 2061
280.92 2093
281.84 2079
282.77 2103
283.7 2106
284.62 2115
285.56 2125
286.48 2136
287.42 2142
288.34 2156
289.28 2166
290.2 2175
291.14 2189
292.19 1796
293.12 1801
294.05 1823
294.86 2195
295.78 2249
296.58 2286
298.56 2330
299.38 2356
303.09 2452
304.02 2490
306.81 2583
309.59 2675
310.53 2722
311.45 2765
316.92 3060
321.58 3339
322.52 3436
326.23 3813
327.05 3842
327.97 4006
328.91 4222
329.84 4347
330.77 4468
331.7 4365
336.36 5307
337.3 5478
338.47 2580
339.41 2555
340.34 2468
341.27 2516
342.19 2500
343.12 2476
344.05 2467
344.98 2463
345.91 2437
346.83 2417
347.77 2406
348.69 2353
349.62 2392
350.55 2378
351.95 2416
4.09 13748
19.03 7614
19.97 7686
20.91 7742
21.84 7759
22.78 7799
65.8 8399
67.67 8500
82.61 7799
100.69 278
104.23 175
105.17 177
108.59 221
108.91 219
110.77 218
111.7 211
112.64 214
117.77 1661
127.48 287
139.62 283
147.3 334
152.41 393
157.38 486
158.19 479
159.12 475
160.06 473
161 469
161.94 467
163.11 466
164.05 463
164.98 461
165.8 460
166.72 458
167.78 456
168.59 455
169.91 454
170.72 452
171.64 452
172.7 450
173.39 449
174.45 449
175.25 450
176.31 449
177.12 448
178.06 447
179.25 444
179.67 480
180.86 449
182.05 448
182.73 450
183.66 448
184.72 450
185.53 451
186.47 451
187.53 452
188.33 455
189.27 454
190.2 456
191.14 458
191.95 459
193.02 461
193.95 464
195.02 464
195.84 467
196.78 472
197.72 465
198.78 462
199.48 476
202.3 487
210.27 346
211.33 345
214.86 2511
215.59 287
216.42 293
220.5 359
222.56 293
227.97 283
228.05 2454
229.41 281
234.78 2270
235.72 2246
236.66 2212
237.59 2180
238.55 2159
239.48 2140
252.27 225
253.97 255
262.12 2058
263.08 2051
264.02 2054
264.97 2060
265.91 2063
266.84 2065
267.8 2053
268.73 2052
269.69 2035
270.62 2056
271.58 2037
272.52 2052
273.45 2054
274.41 2060
275.34 2066
276.3 2070
277.23 2071
278.19 2078
279.12 2076
280.08 2067
281.02 2091
281.95 2080
282.89 2105
283.84 2099
284.78 2117
285.72 2117
286.66 2134
287.61 2149
288.55 2168
289.48 2171
290.44 2176
292.44 1793
293.38 1805
294.33 1825
295.14 2201
296.08 2260
297.03 2292
297.84 2320
298.78 2351
301.61 2427
302.55 2440
304.44 2500
305.38 2535
308.2 2624
309.14 2671
312.92 2842
313.86 2858
314.67 2944
318.45 3193
319.39 3200
325.86 3853
326.81 3820
327.75 3857
328.69 4180
329.64 4314
330.58 4449
331.52 4369
336.23 5297
338.38 2585
339.31 2563
340.27 2555
341.2 2526
342.14 2503
343.08 2480
344.02 2470
344.95 2464
345.89 2421
346.84 2413
347.78 2405
348.84 1953
349.66 2390
350.59 2373
18.5 7619
19.45 7664
20.41 7703
21.36 7720
22.3 7788
65.91 8392
82.95 7970
101.14 277
101.94 208
104.78 175
109.52 220
110.45 219
111.41 214
112.22 212
117.61 1672
127.27 285
140.3 283
147.58 339
157.69 481
158.64 478
159.45 475
160.41 474
161.61 470
162.3 468
163.38 466
164.45 464
165.39 460
166.22 459
167.28 458
168.23 456
169.3 454
170.25 453
171.19 452
172.02 452
172.83 450
173.91 448
174.72 449
175.8 447
176.73 448
177.69 448
179 432
179.7 448
180.64 450
181.59 449
182.53 449
183.36 450
184.17 451
185.38 452
186.19 450
187.27 452
187.95 455
189.03 454
190.09 456
190.92 459
191.98 460
192.69 462
193.5 464
194.7 465
195.77 467
196.34 471
197.55 461
198.5 461
199.45 476
200.28 487
201.94 488
207.94 376
210.34 344
211.17 345
212.12 344
214.91 2509
216.36 286
216.81 290
220.31 359
222.14 293
228.25 2450
228.61 282
229.06 283
234.09 2297
234.92 2257
236 2224
236.95 2205
237.91 2174
238.86 2151
239.81 2132
247.72 260
248.3 261
251.78 223
255.92 247
256.38 257
262.7 2069
263.67 2063
264.62 2065
265.58 2040
266.53 2052
267.48 2030
268.44 2047
269.39 2043
270.34 2054
271.3 2055
272.25 2055
273.2 2066
274.17 2062
275.12 2067
276.08 2056
277.03 2072
277.98 2060
278.94 2083
279.89 2068
280.84 2092
281.8 2086
282.75 2102
283.72 2104
284.66 2118
285.61 2134
286.56 2135
287.52 2146
288.47 2163
289.42 2166
290.38 2173
292.41 1794
293.36 1808
294.31 1818
295.14 2204
296.09 2265
297.05 2297
297.88 2319
298.83 2350
301.67 2418
302.62 2445
304.53 2497
305.48 2541
308.34 2617
309.3 2667
314.06 2853
314.88 2929
315.83 2976
316.78 3034
317.73 3091
318.69 3171
326.3 3782
327.25 3839
328.08 4063
329.03 4235
329.98 4376
330.94 4513
331.89 4363
332.84 4362
335.69 5450
336.64 5321
337.59 5501
338.8 2554
339.75 2531
340.7 2754
341.66 2512
342.61 2497
343.56 2471
344.52 2464
345.45 2449
346.41 2420
347.36 2413
348.31 2390
349.27 2389
350.22 2379
351.17 2376
19.38 7625
20.33 7669
21.3 7714
22.25 7788
65.23 8432
66.19 8399
67.14 8412
82.42 7834
100.45 282
101.66 279
104.38 175
105.33 179
106.28 230
106.81 218
109.14 219
110.09 220
111.05 218
112 211
117.53 1662
118.36 1674
127.38 284
139.77 283
147.84 337
157.67 481
158.62 475
159.58 473
160.55 471
161.5 470
162.7 467
163.66 465
164.61 461
165.56 462
166.64 458
167.47 457
168.3 455
169.25 454
170.34 454
171.42 452
172.25 450
173.2 449
174.03 450
175.23 449
176.19 449
177.27 448
177.97 448
179.05 441
179.75 478
181.08 449
181.91 448
182.73 450
183.94 448
184.89 450
185.61 451
186.81 451
187.52 452
188.59 455
189.42 455
190.5 457
191.2 458
192.28 460
193.36 462
194.06 463
195.14 465
195.84 469
197.05 469
198.12 473
198.83 470
199.66 480
202.67 491
207.27 381
209.58 342
210.41 346
214.62 2510
215.58 2493
215.89 288
216.73 291
219.92 356
222.02 291
222.84 288
228.11 2454
229.5 280
234.97 2265
235.92 2229
236.89 2207
237.84 2179
238.81 2160
239.77 2136
246.69 261
247.28 261
252.67 227
253.8 259
255.34 248
256.81 259
262.84 2065
263.81 2066
264.78 2063
265.73 2056
266.7 2060
267.67 2042
268.62 2051
269.59 2029
270.55 2059
271.52 2039
272.48 2053
273.44 2058
274.41 2062
275.38 2062
276.33 2067
277.3 2069
278.25 2077
279.22 2080
280.19 2083
281.14 2097
282.11 2085
283.08 2103
284.03 2095
285 2117
285.95 2115
286.92 2136
287.89 2150
288.84 2153
289.81 2161
290.78 2182
292.81 1794
293.78 1806
294.61 2204
299.28 2358
300.36 2367
303.11 2450
304.08 2490
306.95 2578
307.91 2617
310.78 2717
311.75 2768
312.7 2830
319.3 3199
320.25 3284
326.02 3846
326.98 3843
327.94 3849
328.78 4189
329.73 4330
330.7 4483
331.66 4349
336.47 5310
337.42 5495
338.64 2554
339.59 2552
340.56 2513
341.52 2512
342.48 2490
343.44 2475
344.41 2467
345.36 2459
346.33 2418
347.28 2416
348.25 2404
348.95 4252
350.17 2378
351.12 2390
18.64 7570
19.61 7664
20.56 7714
21.53 7748
22.5 7771
65.86 8399
100.69 278
101.47 225
104.27 175
105.23 178
109.08 219
110.05 220
111 218
111.97 211
117.47 1659
127.36 284
140.34 285
146.91 331
152.05 385
158.17 478
159.25 475
160.22 473
161.19 471
162.14 468
162.98 466
163.83 464
165.16 462
166.12 460
166.95 458
167.92 457
168.77 454
169.84 453
170.81 453
171.78 453
172.86 449
173.83 448
174.66 450
175.88 448
176.72 447
177.8 447
178.52 435
179.86 438
181.41 448
182.25 450
183.47 450
184.3 451
185.39 452
186.11 451
187.08 454
188.28 453
189.25 455
190.09 456
191.06 458
192.14 460
192.98 461
193.83 462
194.67 464
195.62 468
196.84 471
197.69 464
198.78 462
199.48 476
202.52 487
210.39 351
211.36 350
215.47 2481
216.09 294
222.53 290
222.75 296
228.05 2455
229.55 280
234.83 2262
235.92 2230
236.89 2201
237.86 2179
238.83 2157
239.78 2135
247.59 260
252.72 223
256.55 248
257.27 258
262.03 2069
262.98 2061
263.95 2055
264.92 2053
265.89 2057
266.86 2059
267.83 2061
268.8 2057
269.77 2040
270.72 2056
271.69 2032
272.66 2060
273.62 2046
274.59 2052
275.56 2057
276.53 2070
277.5 2070
278.47 2075
279.44 2086
280.41 2092
281.38 2101
282.34 2099
283.31 2107
284.28 2112
285.25 2128
286.22 2136
287.19 2150
288.16 2159
289.12 2159
290.09 2164
291.06 2188
292.16 1790
293.12 1800
294.09 1822
294.94 2202
295.78 2262
296.75 2302
297.72 2321
298.81 2328
299.66 2365
301.58 2415
302.55 2440
304.48 2497
305.45 2538
308.36 2622
309.31 2672
315 2954
315.97 2978
326.59 3832
327.56 3828
328.41 4129
329.38 4286
330.34 4423
331.31 4511
332.27 4396
336.12 5307
338.31 2560
339.27 2567
340.48 1648
341.2 2530
342.16 2504
343.12 2478
344.09 2466
345.06 2463
346.02 2422
346.98 2414
347.95 2412
349.03 2280
349.88 2376
350.84 2373
352.09 2427
18.53 7608
19.5 7614
20.47 7686
21.44 7776
22.41 7771
66.05 8399
67.02 8359
82.53 7748
104.69 175
104.88 239
108.56 219
109.38 219
109.53 220
110.59 214
111.56 212
118.12 1664
127.94 290
140.42 283
141.14 280
148 336
157.88 481
158.97 476
159.94 474
160.77 471
161.73 469
162.95 466
163.8 465
165.02 462
165.98 460
166.95 459
167.92 458
168.64 455
169.73 454
170.95 452
171.8 452
172.64 450
173.73 448
174.7 449
175.67 447
176.5 448
177.59 448
178.44 435
179.53 423
180.25 451
181.47 449
182.44 449
183.41 451
184.25 450
185.22 451
186.44 451
187.03 451
188 455
189.22 454
189.94 456
191.16 458
191.88 459
192.97 460
194.06 462
194.8 464
195.89 467
196.61 472
197.83 466
198.94 464
199.66 475
202.45 489
207.22 384
210.52 348
214.67 2508
215.64 2493
216.25 292
220 357
222.34 292
227.94 282
228.31 2454
228.8 281
234.3 2279
235.27 2253
236.23 2220
237.22 2191
238.19 2170
239.17 2148
240.14 2134
253.44 254
262.56 2071
263.55 2048
264.52 2064
265.5 2032
266.47 2055
267.44 2042
268.42 2051
269.39 2044
270.38 2057
271.34 2055
272.31 2061
273.3 2063
274.27 2061
275.25 2068
276.22 2067
277.19 2067
278.17 2069
279.14 2078
280.12 2065
281.09 2089
282.08 2087
283.05 2103
284.02 2094
284.98 2123
285.97 2118
286.94 2137
287.91 2144
288.88 2152
289.86 2157
290.83 2175
292.91 1798
293.88 1819
294.72 2208
296.55 2287
298.48 2331
299.47 2357
304.33 2498
305.3 2521
308.22 2621
309.19 2674
313.09 2860
314.06 2888
314.91 2928
315.89 2983
316.86 3047
317.83 3103
321.73 3331
326.61 3821
327.58 3819
328.44 4110
329.41 4269
330.38 4427
331.36 4483
336.23 5299
338.42 2580
339.41 2565
340.38 2501
341.34 2514
342.33 2501
343.3 2482
344.28 2470
345.25 2470
346.22 2419
347.19 2415
348.16 2408
349.12 2408
350.22 2381
351.08 2372
351.81 2410
4.3 13748
18.88 7619
19.86 7641
20.83 7708
21.81 7754
22.78 7822
65.7 8432
66.67 8386
67.64 8527
100.42 281
101.64 281
104.48 176
105.81 235
108.38 219
109.36 220
110.33 220
111.3 216
112.27 212
117.91 1665
127.88 290
139.78 282
146.95 324
157.88 481
159.22 476
159.94 474
161.17 471
162.02 468
163.11 466
164.09 463
164.94 461
166.17 460
167.14 458
168.11 457
169.22 454
170.06 453
171.03 452
171.77 452
172.73 450
173.84 449
174.81 448
175.91 448
176.75 448
177.97 447
178.81 434
179.78 454
180.77 450
181.73 449
182.45 450
183.55 449
184.52 451
185.36 450
186.47 451
187.69 451
188.66 455
189.5 455
190.47 457
191.19 458
192.28 460
193.39 461
194.11 463
195.2 467
197.98 476
199.09 472
199.94 481
202.84 489
207.5 384
210.22 345
211.2 345
215.05 2510
216.38 291
221.89 291
222.25 294
227.81 2500
229.25 282
229.36 280
234.8 2260
235.78 2236
236.75 2213
237.73 2180
238.72 2159
239.69 2135
246.28 261
248.12 260
252.69 225
256.45 249
256.69 259
262.2 2057
263.17 2057
264.16 2065
265.14 2047
266.11 2052
267.09 2063
268.08 2064
269.06 2067
270.03 2056
271.02 2060
272 2058
272.98 2060
273.95 2055
274.94 2064
275.92 2053
276.91 2066
277.88 2059
278.86 2075
279.84 2067
280.83 2090
281.8 2094
282.78 2106
283.77 2103
284.75 2125
285.72 2123
286.7 2139
287.69 2147
288.67 2159
289.64 2155
290.62 2172
292.72 1806
293.69 1808
294.55 2210
295.53 2227
299.31 2359
300.3 2365
303.22 2450
307.12 2592
308.11 2626
312.02 2787
312.86 2821
313.84 2875
314.81 2924
315.8 2988
316.77 3048
318.72 3188
326.41 3801
327.52 3819
328.36 4106
329.33 4283
330.31 4412
331.28 4490
335.17 5260
336.16 5284
338.34 2579
339.33 2555
340.42 2392
341.27 2513
342.25 2494
343.22 2475
344.19 2462
345.17 2461
346.14 2422
347.11 2411
348.09 2412
349.06 2442
350.03 2380
351.02 2372
352.05 2404
358.47 13748
4.31 13748
19.02 7614
19.98 7680
20.97 7742
21.95 7771
66.05 8426
67.03 8406
82.7 7846
101.05 276
104.03 175
105 176
108.17 218
109.89 220
110.88 218
111.84 211
112.83 219
117.69 1664
127.67 287
140.25 283
140.27 280
147.44 335
157.91 481
158.75 477
159.86 473
160.95 469
161.69 467
162.91 465
163.89 465
164.73 462
165.97 461
166.69 459
167.8 458
168.64 455
169.62 454
170.84 452
171.7 453
172.55 451
173.66 449
174.64 449
175.61 448
176.72 448
177.56 447
178.8 430
179.75 590
179.77 430
181.72 449
182.7 449
183.3 450
184.41 450
185.38 451
186.48 452
187.33 452
188.44 453
189.42 456
190.14 457
191.5 458
192.36 459
193.34 460
194.33 463
195.31 466
197.28 460
198.12 473
198.86 471
200.09 480
202.8 489
207.59 382
210.31 344
211.17 345
215.16 2506
216.22 288
221.5 290
222.86 294
227.92 2464
229 282
234.92 2263
235.91 2240
236.89 2203
237.86 2179
238.84 2159
239.83 2131
248.41 262
253.03 377
253.19 245
255.62 250
262.44 2061
263.42 2045
264.41 2053
265.39 2030
266.38 2060
267.36 2044
268.34 2055
269.33 2046
270.31 2056
271.3 2051
272.28 2061
273.27 2061
274.25 2074
275.23 2065
276.22 2069
277.2 2075
278.19 2061
279.17 2071
280.16 2069
281.14 2095
282.11 2085
283.09 2104
284.08 2093
285.06 2120
286.03 2115
287.02 2143
288 2146
288.98 2156
289.97 2163
290.94 2177
292.05 1798
293.03 1807
294.02 1825
294.86 2205
295.84 2259
296.7 2286
297.69 2319
298.67 2334
301.61 2424
302.59 2434
304.55 2502
305.53 2530
308.47 2656
309.45 2674
310.44 2731
321.11 3321
326.02 3852
326.88 3845
327.98 3841
328.84 4200
329.83 4349
330.81 4490
331.78 4346
332.77 4369
335.72 5444
336.7 5389
337.67 5501
338.91 2551
339.89 2520
340.88 2525
341.86 2508
342.84 2483
343.83 2472
344.8 2466
345.78 2437
346.77 2417
347.73 2407
348.72 2363
349.7 2393
350.69 2377
351.98 2419
18.73 7614
19.72 7703
20.7 7754
21.69 7759
22.67 7805
65.91 8392
82.61 7799
101.23 277
102 209
103.97 175
104.95 176
107.75 219
108.59 220
110.83 218
111.81 211
112.8 215
117.67 1663
127.42 286
134.5 359
139.8 281
140.77 282
147.73 336
157.89 481
159 475
159.98 474
160.97 471
161.95 469
163.05 466
164.16 463
165.14 461
166.12 461
166.98 457
167.97 457
168.81 455
170.05 452
170.91 452
172.02 452
173 451
173.98 448
174.97 449
175.81 448
176.92 447
177.78 448
178.89 434
179.61 455
181.83 448
182.94 450
183.67 450
184.77 450
185.62 451
186.48 452
187.84 453
188.81 453
189.42 455
190.66 455
191.39 459
192.5 460
193.47 461
194.45 463
195.44 467
196.55 468
197.64 458
198.25 467
199.36 477
200.09 482
201.92 487
210.56 346
211.55 346
215.42 2481
215.98 291
222.02 290
223.25 295
228.23 2454
229.42 282
234.27 2277
235.27 2253
236.25 2222
237.23 2192
238.22 2170
239.2 2145
240.19 2136
256.27 256
262.83 2070
263.81 2063
264.8 2065
265.78 2057
266.78 2060
267.77 2045
268.75 2059
269.73 2036
270.72 2059
271.7 2030
272.69 2059
273.67 2046
274.66 2063
275.64 2059
276.62 2075
277.62 2071
278.61 2081
279.59 2085
280.58 2098
281.56 2101
282.55 2107
283.53 2109
284.52 2115
285.5 2123
286.48 2136
287.47 2142
288.47 2155
289.45 2156
290.44 2172
292.53 1801
293.52 1807
294.38 2199
295.36 2207
296.34 2259
297.2 2299
300.28 2361
301.14 2401
303.11 2451
304.09 2490
307.03 2589
308.02 2630
311.94 2771
312.92 2807
313.91 2858
314.77 2929
315.75 2983
316.73 3039
317.7 3102
318.69 3167
321.64 3332
322.62 3458
324.58 3610
326.55 3809
327.53 3812
328.39 4099
329.38 4267
330.34 4423
331.33 4496
335.25 5278
336.23 5289
338.44 2578
339.42 2557
340.39 2508
341.38 2511
342.36 2494
343.34 2478
344.31 2466
345.3 2442
346.28 2423
347.25 2416
348.23 2399
349.34 2372
350.2 2378
351.17 2376
19.33 7625
20.31 7708
21.3 7748
22.28 7799
65.64 8379
66.62 8406
67.61 8426
82.38 7887
99.92 278
103.77 174
104.75 175
109.66 220
110.64 218
111.62 213
112.59 213
117.38 1659
118.34 1673
127.38 285
139.42 279
140.52 283
147.38 335
157.8 481
158.91 477
159.89 473
161 470
161.72 469
163.08 466
163.81 465
165.05 462
165.77 461
166.88 458
167.73 457
168.97 455
169.81 453
171.05 452
171.78 452
173.02 451
173.98 449
174.72 450
175.7 449
176.94 448
177.91 449
178.77 431
179.75 446
181.7 448
182.44 450
183.55 450
184.66 450
185.62 450
186.48 451
187.59 452
188.33 453
189.42 456
190.53 457
191.39 458
192.5 460
193.23 460
194.34 463
195.45 467
196.19 470
197.42 458
198.28 474
199.28 475
200.02 482
202.11 488
202.97 489
210.27 346
211.38 346
215.41 2478
215.7 292
221.62 290
223.11 295
228.22 2448
228.91 282
234.27 2279
235.25 2253
236.23 2219
237.23 2195
238.22 2165
239.2 2144
240.19 2136
254.33 255
255.91 256
262.91 2070
263.89 2068
264.88 2065
265.88 2064
266.86 2059
267.84 2052
268.84 2057
269.83 2040
270.81 2057
271.8 2044
272.8 2055
273.78 2044
274.77 2063
275.77 2050
276.75 2072
277.73 2064
278.73 2081
279.72 2082
280.7 2093
281.7 2096
282.69 2104
283.67 2113
284.67 2119
285.66 2121
286.64 2136
287.62 2144
288.61 2159
289.59 2160
290.58 2172
292.67 1794
293.66 1807
294.52 2199
295.5 2223
297.34 2306
299.31 2353
300.3 2368
307.19 2586
308.17 2614
309.16 2667
312.97 2852
314.08 2885
314.94 2930
315.92 2995
316.89 3050
320.83 3316
325.75 3760
326.59 3808
327.7 3843
328.56 4154
329.55 4295
330.53 4440
331.52 4394
336.44 5284
337.41 5475
338.64 2554
339.62 2549
340.61 2536
341.59 2508
342.58 2487
343.56 2476
344.55 2459
345.53 2440
346.52 2416
347.5 2408
348.48 2357
349.47 2394
350.45 2382
18.7 7625
19.69 7625
20.67 7742
21.66 7765
22.64 7834
66.06 8432
67.05 8359
82.83 7788
101.62 277
102.27 217
104.23 176
105.22 178
109.16 219
109.77 220
110 218
112.11 211
118.02 1664
127.8 290
140.09 284
147.47 331
152.5 391
157.42 484
158.66 478
159.52 474
160.5 474
161.36 470
162.59 468
163.59 465
164.7 464
165.56 460
166.67 458
167.53 456
168.64 456
169.38 455
170.36 454
171.61 452
172.59 450
173.7 449
174.56 449
175.42 449
176.53 449
177.39 448
179.86 557
182.33 448
183.19 450
184.3 450
185.16 452
186.52 451
187.39 452
188.38 453
189.11 454
190.22 456
191.33 457
192.31 459
193.3 461
194.28 463
195.03 465
196.14 468
196.88 467
198.11 471
199.09 469
199.95 480
202.8 490
207.61 384
210.33 345
210.94 345
211.81 348
215.22 2510
216.02 287
221.58 290
222.56 294
228.08 2458
229 283
234.02 2306
235.12 2256
236.11 2233
237.11 2201
238.09 2171
239.08 2149
240.08 2136
253.38 254
256.34 256
262.84 2067
263.84 2060
264.83 2062
265.81 2063
266.81 2058
267.8 2048
268.78 2060
269.78 2037
270.77 2063
271.77 2036
272.75 2054
273.73 2037
274.73 2060
275.72 2059
276.7 2073
277.7 2073
278.69 2079
279.67 2088
280.67 2092
281.66 2097
282.64 2105
283.64 2107
284.62 2114
285.61 2133
286.61 2143
287.59 2141
288.58 2159
289.58 2161
290.56 2164
292.67 1806
293.66 1806
294.52 2196
295.52 2226
299.34 2357
300.45 2376
304.3 2497
305.28 2523
308.25 2622
309.23 2668
314.17 2860
315.03 2924
316.02 2960
320.95 3309
325.91 3835
326.77 3842
327.88 3849
328.73 4180
329.72 4330
330.72 4468
331.7 4349
332.69 4378
336.64 5324
337.62 5484
338.86 2547
339.84 2514
340.58 5268
341.81 2506
342.8 2491
343.78 2468
344.77 2452
345.77 2436
346.75 2416
347.73 2404
348.72 2363
349.83 2392
350.69 2375
4.11 13748
18.98 7608
19.98 7692
20.97 7708
21.97 7737
65.56 8453
66.55 8426
67.55 8453
82.39 7892
100.25 278
104.84 175
108.42 220
108.81 219
110.52 211
110.78 218
112.75 215
117.7 1664
127.88 287
134.88 359
140.08 281
147.23 324
152.05 385
157.09 482
158.45 478
159.2 475
160.44 473
161.55 470
162.41 468
163.41 467
164.39 464
165.25 459
166.48 459
167.48 458
168.34 456
169.33 454
170.56 454
171.42 452
172.53 451
173.52 449
174.5 450
175.25 448
176.23 450
177.34 448
178.45 447
179.31 449
180.05 491
181.16 450
182.39 447
183.39 451
184.25 450
185.11 451
186.22 450
187.2 453
187.94 455
188.92 454
190.16 456
190.91 459
192.02 460
193 461
194.11 464
195.09 465
195.95 467
196.94 471
197.92 468
198.8 467
199.91 479
202.77 497
207.62 383
209.86 345
211.22 345
211.84 350
215.17 2508
215.58 288
222.17 290
223.16 294
228.11 2452
229.12 282
234.19 2298
235.17 2260
236.17 2226
237.16 2198
238.16 2167
239.14 2144
240.14 2139
253.33 256
254.83 270
255.31 250
256.69 254
261.98 2075
262.97 2073
263.97 2069
264.97 2058
265.95 2051
266.95 2065
267.95 2063
268.94 2059
269.94 2055
270.94 2059
271.92 2044
272.92 2058
273.92 2049
274.91 2061
275.91 2051
276.91 2065
277.89 2060
278.89 2077
279.89 2070
280.88 2089
281.88 2081
282.88 2105
283.86 2102
284.86 2114
285.86 2120
286.84 2134
287.84 2134
288.84 2162
289.83 2157
290.83 2173
292.94 1798
293.92 1810
294.8 2204
296.77 2282
297.64 2310
298.75 2326
299.75 2366
301.59 2421
302.59 2437
304.56 2500
305.56 2534
309.52 2662
310.52 2733
319.3 3196
326.23 3836
327.09 3842
328.08 4057
329.08 4222
330.06 4387
331.05 4509
332.05 4369
333.03 4351
335.02 5213
336 5391
338.23 2551
339.22 2566
340.45 1649
341.2 2533
342.19 2505
343.17 2480
344.17 2469
345.16 2460
346.14 2435
347.14 2414
348.12 2409
349.11 2487
350.11 2379
351.09 2373
351.67 2390
19.52 7641
20.52 7725
21.52 7759
22.5 7794
65.23 8432
66.23 8432
67.22 8399
83.09 8098
100.73 281
100.86 282
104.59 175
105.08 234
107.56 220
109.55 220
110.53 219
111.53 213
111.77 213
117.53 1662
118.39 1682
128.34 285
139.72 281
140.7 280
152.33 383
157.39 482
158.25 478
159.38 475
160.36 473
161.11 471
162.34 468
163.22 466
164.45 465
165.31 459
166.44 459
167.3 457
168.17 457
169.16 455
170.53 454
171.14 452
172.39 451
173.38 449
174.23 449
175.36 448
176.22 449
177.34 448
180.06 492
181.3 449
182.42 447
183.16 450
184.16 450
185.39 451
186.14 451
187 452
188.12 453
188.98 454
189.98 456
190.98 458
192.09 459
192.97 461
194.22 463
195.09 464
195.95 468
197.08 470
198.08 471
198.94 470
199.94 480
202.92 489
207.91 384
210.16 344
210.89 345
212.02 350
215.36 2482
216.5 290
222.23 290
222.72 295
228.3 2449
228.94 282
234.27 2287
235.39 2251
236.39 2216
237.38 2188
238.38 2166
239.38 2139
251.47 225
256.69 258
256.81 247
262.28 2061
263.28 2053
264.28 2059
265.28 2049
266.28 2054
267.28 2053
268.28 2054
269.27 2046
270.27 2054
271.27 2054
272.27 2056
273.27 2059
274.27 2063
275.25 2063
276.25 2062
277.25 2069
278.25 2078
279.25 2081
280.25 2086
281.25 2094
282.23 2096
283.23 2103
284.22 2109
285.22 2118
286.22 2132
287.2 2136
288.2 2150
289.2 2168
290.19 2162
292.3 1795
293.3 1804
294.3 1824
295.16 2200
296.16 2265
297.16 2296
298.14 2328
300.12 2361
301 2414
302.98 2452
303.98 2493
306.97 2575
307.95 2622
311.94 2774
312.94 2810
313.92 2869
314.8 2927
315.78 2977
316.78 3037
317.78 3104
321.75 3336
325.73 3766
326.61 3820
327.72 3839
328.59 4158
329.59 4305
330.58 4462
331.58 4349
336.55 5310
337.55 5501
338.8 2552
339.78 2520
340.78 2531
341.78 2512
342.77 2489
343.77 2471
344.77 2452
345.75 2436
346.75 2415
347.73 2405
348.86 2361
349.72 2394
350.84 2376
19.16 7636
20.14 7658
21.14 7742
22.14 7771
64.97 8439
65.97 8392
82.89 7840
100.17 283
101.17 280
104.41 175
104.89 234
105.41 179
107.25 219
109.38 220
109.61 219
110.11 215
112.34 212
117.25 1647
118.25 1668
128.33 283
140.12 280
140.61 283
158.23 480
159.36 475
160 212
160.34 472
161.09 469
162.34 468
163.33 466
164.45 465
165.31 459
166.44 459
167.31 458
168.3 456
169.17 454
170.3 453
171.28 452
172.41 451
173.27 449
174.14 451
175.14 449
176.38 449
177.5 448
178.38 446
181.47 449
182.22 448
183.22 451
184.08 450
185.33 451
186.2 451
187.06 452
188.19 454
189.19 454
190.42 456
191.17 457
192.3 459
193.16 461
194.03 462
195.16 464
196.02 468
197.14 468
198.02 472
199.12 470
200.12 479
202.98 490
207.97 382
210.33 344
211.45 345
212.44 350
215.44 2480
216.44 289
221.92 290
222.8 295
228.41 2447
229.91 281
234.52 2279
235.52 2251
236.52 2222
237.52 2185
238.52 2160
239.52 2142
252.11 226
255.59 249
256.34 257
262.44 2056
263.44 2046
264.44 2061
265.44 2026
266.42 2053
267.42 2039
268.42 2052
269.42 2034
270.42 2053
271.42 2043
272.41 2051
273.41 2063
274.41 2058
275.41 2059
276.41 2071
277.41 2072
278.41 2082
279.41 2080
280.41 2089
281.41 2094
282.39 2099
283.39 2105
284.39 2114
285.39 2127
286.39 2132
287.39 2138
288.39 2156
289.39 2167
290.39 2171
292.52 1793
293.5 1807
294.38 2187
295.38 2212
296.38 2265
297.38 2298
299.25 2359
300.25 2363
303.25 2447
305.23 2524
307.22 2589
308.22 2626
309.22 2664
314.06 2862
315.06 2939
321.03 3323
325.88 3857
327 3828
327.88 3845
328.86 4200
329.86 4325
330.86 4500
331.84 4365
332.84 4344
335.83 5447
337.81 5507
339.06 2551
340.05 2517
341.05 2528
342.05 2509
343.03 2494
344.03 2473
345.02 2452
346.02 2442
347.02 2418
348 2404
349 2409
349.98 2374
350.98 2374
19.52 7658
20.52 7731
21.52 7759
22.52 7737
65.42 8439
66.42 8419
67.42 8399
82.38 7892
100.47 277
101.97 209
103.97 175
104.95 176
107.58 218
109.2 220
109.56 218
111.94 211
117.97 1670
128.05 291
140.09 285
147.56 334
152.67 389
157.89 481
159.02 476
159.77 474
161.02 471
161.88 468
162.75 468
164 464
165 462
166.11 460
166.98 458
168.11 456
169.11 454
170.22 452
170.97 452
172.2 451
172.83 450
173.94 449
175.06 449
175.8 448
176.92 448
178.05 448
179.16 438
179.78 476
181.02 448
181.89 449
182.75 450
183.75 450
185.12 452
185.86 452
186.98 453
187.84 454
189.09 454
189.95 456
190.83 459
191.69 460
192.69 462
193.69 465
194.92 464
195.8 467
196.66 471
197.66 465
198.77 464
199.64 477
202.64 491
207.66 383
209.91 346
210.66 346
211.53 352
215.19 2501
216.05 288
221.44 290
223.19 294
228.22 2450
228.58 282
234.23 2286
235.36 2260
236.36 2220
237.36 2186
238.36 2167
239.36 2142
240.36 2133
251.11 225
256.36 248
256.61 259
262.36 2053
263.36 2046
264.36 2060
265.36 2034
266.36 2056
267.36 2046
268.36 2048
269.36 2039
270.38 2059
271.38 2049
272.38 2056
273.38 2060
274.38 2063
275.38 2070
276.38 2067
277.38 2071
278.39 2081
279.39 2080
280.39 2086
281.39 2095
282.39 2098
283.39 2110
284.39 2112
285.39 2122
286.41 2131
287.41 2143
288.41 2158
289.41 2168
290.41 2170
292.53 1793
293.53 1810
294.42 2198
295.41 2211
296.41 2266
297.28 2301
298.41 2327
299.39 2355
300.27 2362
303.27 2454
307.25 2584
308.23 2618
309.23 2677
321.08 3324
325.94 3853
326.92 3820
328.05 3843
328.92 4190
329.92 4355
330.91 4488
331.91 4372
332.91 4351
334.89 5187
335.89 5450
339.12 2552
340.12 2520
341.12 2527
342.12 2505
343.11 2486
344.11 2468
345.11 2468
346.11 2434
347.09 2416
348.09 2405
349.09 2516
350.09 2376
351.08 2375
351.98 2412
18.69 7598
19.69 7664
20.69 7725
21.69 7765
22.69 7822
58.7 9177
65.69 8406
66.69 8359
67.69 8493
82.69 7811
100.8 277
102.3 217
104.3 176
105.28 178
108.77 219
108.89 220
111.25 216
112.25 212
118.19 1675
127.66 284
139.5 280
140.88 283
147.86 337
157.33 484
158.2 478
159.33 475
160.33 472
161.31 469
162.31 471
163.56 466
164.42 462
165.55 459
166.55 458
167.55 457
168.28 456
169.41 453
170.41 454
171.52 452
172.52 451
173.39 450
174.64 449
175.25 449
176.38 449
177.5 448
180.36 451
181.61 449
182.34 449
183.47 451
184.22 451
185.45 451
186.33 451
187.33 451
188.45 454
189.44 454
190.19 457
191.19 458
192.31 460
193.44 462
194.31 464
195.19 466
196.31 467
197.19 463
198.44 469
199.06 475
200.19 482
202.19 488
210.69 346
211.19 347
214.69 2512
215.69 2498
216.81 290
220.31 357
222.81 292
227.69 2502
228.19 283
229.94 285
234.72 2268
235.84 2235
236.84 2215
237.84 2182
238.84 2159
239.84 2135
247.73 262
253 253
262.91 2069
263.91 2065
264.91 2058
265.91 2062
266.92 2063
267.92 2058
268.92 2061
269.92 2043
270.92 2057
271.92 2037
272.92 2061
273.94 2046
274.94 2064
275.94 2051
276.94 2066
277.94 2059
278.94 2075
279.95 2065
280.95 2088
281.95 2076
282.95 2102
283.95 2101
284.95 2115
285.97 2117
286.95 2131
287.95 2149
288.95 2163
289.95 2169
290.95 2179
292.08 1791
293.08 1806
294.08 1823
294.95 2196
295.95 2255
296.94 2298
297.81 2313
298.81 2333
299.81 2371
301.81 2426
302.81 2445
305.81 2532
306.81 2581
310.8 2725
311.8 2770
312.8 2807
313.8 2886
314.67 2943
315.67 2974
316.67 3028
317.67 3108
318.66 3156
321.66 3334
322.66 3444
324.64 3610
325.64 3746
326.64 3796
327.64 3804
328.5 4122
329.5 4278
330.5 4445
331.5 4407
335.48 5473
336.48 5359
337.48 5487
338.73 2551
339.72 2528
340.72 2549
341.72 2508
342.72 2494
343.72 2472
344.7 2455
345.7 2445
346.7 2418
347.7 2407
348.7 2354
349.7 2391
350.7 2377
352.08 2420
4.33 13748
19.33 7664
20.33 7658
21.33 7720
22.33 7788
65.34 8466
66.34 8432
67.34 8446
82.34 7851
100.81 277
101.06 208
103.92 175
104.92 176
108.92 218
109.91 220
110.66 218
111.91 211
118 1663
128.59 289
140.42 285
147.27 335
157.86 481
159.09 476
159.97 474
160.97 471
162.09 468
163.09 465
163.97 463
165.2 460
165.95 460
167.2 458
168.2 456
169.08 454
170.33 453
171.08 452
172.31 451
172.94 450
173.94 449
175.19 449
176.19 448
177.31 448
178.17 448
179.05 440
179.67 484
181.3 449
182.05 449
183.05 451
184.3 449
185.17 452
186.3 451
187.17 453
188.3 455
188.92 454
190.05 456
190.92 459
191.92 459
193.05 462
193.92 465
194.8 464
195.92 467
197.05 467
198.05 470
198.8 470
200.05 480
202.67 489
207.55 384
210.17 345
211.17 345
212.05 350
215.44 2482
216.3 289
222.31 290
223.19 295
227.47 2516
228.83 282
229.59 283
234.61 2277
235.62 2249
236.62 2215
237.62 2187
238.62 2159
239.62 2141
247.39 259
252.66 382
252.78 228
253.16 248
256.78 251
262.7 2073
263.7 2055
264.7 2063
265.7 2052
266.7 2051
267.72 2042
268.72 2050
269.72 2035
270.72 2057
271.72 2030
272.73 2057
273.73 2043
274.73 2057
275.73 2055
276.73 2071
277.75 2070
278.75 2080
279.75 2091
280.75 2091
281.75 2100
282.75 2103
283.75 2108
284.75 2118
285.75 2126
286.75 2139
287.75 2143
288.75 2151
289.75 2159
290.75 2176
292.88 1816
293.88 1809
294.75 2200
296.75 2293
297.62 2315
298.75 2323
299.75 2361
301.62 2416
302.62 2443
304.62 2503
306.62 2582
309.64 2675
310.64 2727
311.64 2770
319.52 3203
326.52 3796
327.52 3834
328.39 4119
329.39 4290
330.39 4418
331.39 4498
336.39 5307
337.39 5467
338.64 2558
339.64 2563
340.64 2566
341.64 2498
342.62 2482
343.62 2469
344.62 2455
345.62 2442
346.62 2416
347.62 2411
348.62 2358
349.62 2393
350.62 2377
351.7 2395
19.23 7697
20.25 7680
21.25 7737
22.25 7799
58.31 9177
65.33 8412
66.33 8386
67.33 8453
82.33 7982
100.45 277
101.95 208
103.95 175
104.95 176
108.7 220
108.95 218
110.95 218
111.95 211
117.94 1672
128.92 289
140.77 284
147.5 334
158.25 481
159 477
160.25 473
161.12 471
162 468
163.12 465
164.25 464
165.38 462
166.12 460
167.5 458
168.25 456
169.25 453
170.5 454
171.38 452
172.5 451
173.38 449
174.12 451
175.12 449
176.38 449
177.5 448
178.38 447
181.12 450
182.25 449
183.5 450
184.25 450
185.25 452
186.38 451
187.25 452
188.25 454
189.5 454
190.38 457
191.12 458
192.27 460
193.39 462
194.39 463
195.27 467
196.14 468
197.27 461
199.14 474
200.14 481
210.16 348
211.03 349
214.67 2511
215.69 2493
216.42 295
220.44 357
222.31 292
227.72 2502
228.2 281
229.22 282
234.88 2258
235.88 2234
236.88 2210
237.89 2180
238.89 2158
239.89 2134
247.91 262
252.92 253
257.3 251
262.97 2071
263.97 2063
264.97 2051
265.98 2057
266.98 2057
267.98 2057
268.98 2059
270 2053
271 2059
272 2053
273 2060
274 2048
275 2063
276.02 2045
277.02 2062
278.02 2059
279.02 2084
280.02 2072
281.03 2089
282.03 2085
283.03 2106
284.03 2090
285.03 2115
286.05 2122
287.05 2140
288.05 2154
289.05 2168
290.05 2167
291.05 2181
292.19 1797
293.19 1806
294.19 1823
295.06 2207
296.06 2264
297.08 2294
300.95 2420
302.97 2455
303.97 2494
306.97 2571
307.97 2622
312.98 2829
313.98 2858
314.86 2937
315.86 2979
316.86 3053
320.88 3319
325.89 3824
326.89 3824
327.89 3849
328.77 4177
329.77 4330
330.77 4473
331.77 4356
332.77 4371
335.77 5467
336.77 5394
339.02 2549
340.02 2504
341.02 2557
342.02 2521
343.02 2483
344.02 2472
345 2464
346 2420
347 2418
348 2405
349 2387
350 2374
351 2372
18.66 7614
19.66 7686
20.67 7714
21.67 7754
22.67 7782
65.83 8419
67.83 8500
82.88 7840
100.14 281
101.78 279
104.53 175
104.91 232
108.53 219
108.67 220
110.53 214
110.53 219
111.78 213
117.61 1657
127.97 286
139.94 283
147.06 331
148.31 326
152.31 390
157.7 486
158.58 479
159.7 473
160.95 473
161.58 469
162.83 466
163.83 463
164.95 464
165.83 460
166.95 458
167.95 456
168.97 454
169.95 452
170.7 452
171.83 451
173.08 451
173.7 449
175.06 449
175.94 448
176.94 448
177.94 449
179.19 434
179.67 462
180.92 448
181.8 449
182.8 449
183.67 450
184.8 451
186.03 452
186.91 451
187.66 454
188.91 454
189.91 456
190.64 459
191.89 460
192.77 461
193.64 465
194.89 465
195.88 467
196.75 471
197.62 465
198.75 463
199.75 477
202.75 489
207.41 381
209.78 347
210.67 345
211.8 349
215.2 2501
215.69 290
221.72 290
222.59 294
228.28 2449
229.25 282
234.31 2284
235.44 2249
236.44 2217
237.44 2182
238.45 2161
239.45 2137
252.61 221
256.88 258
257.62 249
262.56 2063
263.56 2051
264.56 2059
265.56 2033
266.58 2059
267.58 2035
268.58 2055
269.58 2030
270.59 2046
271.59 2045
272.59 2064
273.61 2043
274.61 2049
275.61 2059
276.61 2073
277.62 2076
278.62 2078
279.62 2084
280.64 2090
281.64 2097
282.64 2102
283.64 2111
284.66 2121
285.66 2121
286.66 2130
287.67 2142
288.67 2164
289.67 2157
290.67 2178
292.81 1807
293.81 1819
294.7 2193
298.58 2333
299.58 2359
301.58 2417
302.58 2440
304.58 2499
305.58 2532
309.58 2662
310.59 2727
311.59 2768
318.47 3166
319.47 3198
322.47 3446
324.47 3600
326.48 3802
327.47 3824
328.34 4126
329.34 4285
330.34 4421
331.34 4485
336.34 5302
338.58 2573
339.58 2560
340.58 2500
341.58 2507
342.58 2485
343.58 2474
344.58 2463
345.58 2444
346.58 2418
347.58 2411
348.56 2359
349.56 2395
350.56 2378
352 2405
4.2 13748
19.23 7697
20.25 7658
21.25 7737
22.25 7776
65.38 8459
66.38 8412
67.38 8446
82.39 7811
101.03 277
102.05 210
104.03 175
105.03 176
109.03 218
110.03 220
110.28 218
112.03 211
118.12 1662
128.12 290
139.73 277
140.11 284
147.61 335
158.36 478
159.11 475
160.36 473
161.11 470
162.34 467
163.09 465
164.22 464
165.47 460
166.47 460
167.22 458
168.34 457
169.34 453
170.58 454
171.2 453
172.45 451
173.45 448
174.45 450
175.45 449
176.45 450
177.45 448
180.19 496
181.19 448
182.19 449
183.31 451
184.31 450
185.56 451
186.3 451
187.3 451
188.3 454
189.3 454
190.3 456
191.17 458
192.42 460
193.3 461
194.42 462
195.17 468
196.17 469
197.3 460
198.31 472
199.19 476
200.19 483
201.94 486
210.59 340
211.47 347
214.75 2511
215.98 291
220.5 358
222.12 293
227.8 2502
229.03 283
234.95 2260
235.95 2227
236.95 2209
237.97 2177
238.97 2154
239.97 2134
246.11 260
248.11 260
253.39 254
256.02 256
262.08 2069
263.08 2059
264.08 2061
265.09 2059
266.09 2059
267.09 2055
268.11 2049
269.11 2047
270.11 2055
271.12 2061
272.12 2059
273.12 2059
274.12 2060
275.14 2063
276.14 2062
277.14 2065
278.16 2060
279.16 2077
280.16 2075
281.17 2092
282.17 2095
283.17 2103
284.19 2099
285.19 2120
286.19 2130
287.2 2144
288.2 2152
289.2 2159
290.2 2171
291.2 2182
292.33 1794
293.33 1809
294.33 1818
295.2 2206
296.08 2263
297.2 2297
300.09 2363
301.09 2398
303.09 2451
304.09 2489
307.09 2587
308.09 2630
309.11 2676
313.11 2834
313.98 2883
314.98 2943
315.98 2996
320.98 3319
325.98 3866
326.98 3830
327.98 3852
328.86 4194
329.86 4347
330.86 4492
331.86 4356
332.86 4349
335.86 5461
337.86 5527
339.11 2552
340.11 2514
341.11 2529
342.11 2506
343.11 2475
344.11 2467
345.11 2463
346.11 2423
347.11 2410
348.11 2411
349.11 2470
350.11 2377
351.11 2374
18.81 7614
19.81 7636
20.81 7725
21.81 7737
22.83 7846
64.97 8432
65.97 8399
83.02 7887
100.64 280
100.77 283
104.64 175
106.64 237
107.14 220
108.14 220
109.77 219
111.64 212
112.64 214
117.64 1667
127.88 289
140.38 284
147 335
152.38 391
157.75 481
158.88 477
159.88 474
160.75 471
162.12 468
163.12 467
163.88 463
165 463
166 460
166.88 458
168 457
169 455
170 453
171.12 452
171.88 452
173.12 450
174.25 449
175.25 447
175.88 448
177 448
178.25 448
179.25 443
179.75 483
181.12 448
182.25 448
183.25 450
184.12 450
185.25 451
186.02 451
187.02 454
188.14 454
189.02 455
189.89 456
191.16 458
192.03 459
193.03 460
193.91 462
194.91 464
195.92 467
197.05 468
198.05 470
199.05 469
199.94 479
203.06 491
207.83 380
210.22 345
211.47 346
215.5 2480
215.98 292
221.75 291
223.12 288
227.55 2510
228.28 282
229.03 283
234.58 2268
235.72 2240
236.72 2213
237.72 2182
238.73 2159
239.73 2134
249 261
254.91 251
256.05 253
262.86 2067
263.86 2063
264.86 2059
265.88 2062
266.88 2055
267.88 2053
268.89 2054
269.89 2044
270.89 2055
271.91 2038
272.91 2057
273.91 2042
274.92 2060
275.92 2039
276.92 2063
277.94 2049
278.94 2079
279.95 2065
280.95 2088
281.95 2083
282.95 2103
283.95 2093
284.95 2120
285.95 2119
286.97 2134
287.97 2139
288.97 2162
289.97 2170
290.97 2184
292.09 1789
293.11 1805
294.11 1823
294.98 2198
295.98 2261
296.98 2294
297.86 2321
299.88 2370
300.88 2403
302.88 2442
303.88 2490
305.89 2542
306.89 2567
311.91 2759
312.91 2812
313.91 2871
314.78 2928
315.78 2986
316.78 3047
317.8 3105
321.8 3344
325.69 3794
326.81 3831
327.83 3859
328.7 4184
329.7 4316
330.7 4479
331.7 4340
332.7 4396
335.72 5456
336.72 5394
337.72 5507
338.98 2551
339.98 2490
340.98 2537
341.98 2514
342.98 2484
344 2467
345 2463
346 2435
347 2420
348 2413
349.12 2295
350 2378
351.12 2371
18.66 7592
19.66 7653
20.67 7714
21.67 7686
22.67 7776
58.8 9177
65.81 8406
82.88 7754
99.62 282
101.25 281
104.5 175
106.5 236
107.38 220
108.62 220
110.5 219
111.5 214
112.5 213
117.48 1658
128.09 286
139.58 283
147.2 331
152.2 391
157.59 486
158.59 478
159.72 473
160.72 472
161.97 469
162.72 467
163.72 465
164.97 464
165.97 460
166.84 459
167.72 457
168.98 455
170.11 453
171.11 452
171.73 451
172.86 451
173.98 449
175.11 449
175.86 448
176.98 448
177.98 449
179 435
179.75 466
182.12 449
183 449
184 450
185.12 450
185.75 451
187 453
187.88 453
188.88 454
189.75 455
191 458
191.88 459
192.75 460
193.62 463
194.75 465
196 466
196.75 470
197.88 465
199 463
199.62 476
202.62 491
207.5 383
209.75 346
211.12 345
212.02 343
215.28 2500
215.64 288
222.03 289
222.55 294
229.56 282
235.47 2249
236.48 2213
237.48 2181
238.48 2160
239.48 2137
252.64 226
255.78 249
262.58 2061
263.58 2048
264.59 2055
265.59 2038
266.59 2054
267.59 2034
268.61 2058
269.61 2029
270.61 2050
271.61 2044
272.62 2063
273.62 2043
274.62 2052
275.62 2061
276.62 2065
277.62 2077
278.64 2079
279.64 2090
280.64 2094
281.64 2098
282.64 2104
283.66 2109
284.66 2120
285.66 2126
286.66 2136
287.66 2139
288.67 2157
289.67 2164
290.67 2169
292.8 1804
293.8 1811
294.69 2197
296.56 2287
297.56 2308
298.56 2331
299.58 2360
301.58 2421
302.58 2437
304.59 2501
305.59 2532
306.59 2586
309.59 2666
310.59 2718
311.59 2770
318.48 3166
319.48 3199
322.48 3449
326.5 3809
327.5 3828
328.38 4129
329.38 4290
330.38 4427
331.38 4496
336.39 5299
338.62 2573
339.62 2555
340.62 2549
341.62 2500
342.62 2481
343.61 2468
344.61 2460
345.61 2443
346.61 2416
347.61 2411
348.61 2372
349.59 2395
350.59 2374
352 2410
19.23 7647
20.23 7653
21.25 7731
22.25 7759
65.39 8426
66.41 8426
67.41 8392
82.42 7887
100.45 276
104.08 175
105.08 176
108.83 220
109.08 219
111.08 218
112.09 211
118.05 1672
128.14 296
128.28 282
140.11 277
140.73 283
147.36 337
157.36 484
158.11 480
159.36 475
160.23 473
161.23 471
162.11 468
163.48 465
164.48 464
165.23 460
166.36 460
167.48 458
168.36 457
169.61 453
170.36 453
171.48 452
172.34 451
173.59 448
174.22 450
175.59 449
176.34 450
177.33 448
178.45 446
181.58 449
182.44 448
183.56 450
184.44 451
185.31 451
186.44 452
187.19 452
188.3 453
189.17 455
190.3 456
191.3 458
192.3 460
193.28 461
194.41 463
195.03 466
196.16 468
197.28 458
199.02 476
200.14 482
201.89 489
210.17 351
211.42 347
214.72 2510
215.95 291
220.61 358
222.11 293
227.8 2501
229.02 283
234.95 2261
235.95 2227
236.97 2208
237.97 2177
238.97 2156
239.97 2133
248.23 260
253.14 385
253.38 254
255.77 256
262.06 2067
263.06 2055
264.06 2057
265.08 2051
266.08 2053
267.08 2065
268.09 2061
269.09 2054
270.09 2060
271.11 2055
272.11 2063
273.12 2055
274.12 2057
275.12 2063
276.14 2050
277.14 2069
278.14 2063
279.16 2077
280.16 2073
281.17 2092
282.17 2087
283.17 2107
284.19 2100
285.19 2120
286.19 2130
287.2 2141
288.2 2155
289.22 2162
290.22 2173
291.22 2196
292.36 1794
293.36 1808
294.36 1816
295.25 2198
296.12 2262
297.27 2294
300.12 2366
301.12 2402
303.12 2460
304.12 2490
307.12 2586
308.12 2626
309.12 2674
313.12 2841
314.11 2880
314.98 2939
315.98 2986
320.98 3322
325.98 3864
326.98 3835
327.86 3848
328.86 4199
329.84 4344
330.84 4488
331.84 4365
332.84 4351
335.84 5453
337.84 5533
339.09 2551
340.08 2508
341.08 2524
342.08 2507
343.08 2479
344.08 2468
345.08 2466
346.08 2435
347.08 2410
348.08 2413
349.08 2427
350.08 2378
351.19 2371
18.75 7619
19.75 7636
20.77 7708
21.77 7742
22.77 7828
65.91 8406
82.94 7846
100.33 282
101.7 281
104.59 175
106.58 236
108.58 219
109.58 220
110.31 214
110.58 219
112.56 213
117.66 1662
128.52 287
139.75 283
146.88 332
152.62 391
157.88 481
158.88 478
159.88 474
160.62 471
161.75 470
162.62 468
163.75 467
164.98 464
165.86 460
166.98 458
167.73 457
168.86 454
170.11 452
170.72 452
171.72 451
172.97 451
173.84 449
174.97 449
175.84 448
177.08 448
177.83 449
178.83 436
179.83 459
182.08 449
182.7 449
183.94 450
184.69 450
185.81 451
186.81 455
187.69 454
188.81 455
189.8 456
190.8 458
191.8 458
192.67 460
193.92 461
194.8 465
195.55 466
196.67 470
197.8 465
198.55 464
199.8 475
202.56 490
207.33 383
210.08 346
211.09 345
212.22 344
215.23 2502
215.84 288
222 289
222.62 294
228.77 283
235.44 2246
236.44 2213
237.44 2181
238.44 2163
239.45 2135
252.59 226
255.73 249
256.36 259
262.53 2065
263.53 2052
264.55 2060
265.55 2046
266.55 2049
267.56 2031
268.56 2057
269.56 2033
270.58 2056
271.58 2048
272.58 2060
273.59 2039
274.59 2059
275.59 2065
276.59 2065
277.61 2073
278.61 2081
279.61 2089
280.62 2091
281.62 2100
282.62 2104
283.64 2112
284.64 2119
285.64 2125
286.66 2140
287.66 2142
288.66 2154
289.67 2159
290.67 2173
292.8 1796
293.8 1809
294.67 2195
298.67 2328
299.67 2361
301.55 2416
302.55 2436
304.55 2496
305.56 2516
309.56 2672
310.56 2708
311.56 2753
319.44 3197
322.44 3446
327.44 3834
328.31 4108
329.31 4259
330.3 4418
331.3 4504
335.3 5302
336.3 5299
337.3 5461
338.53 2574
339.53 2554
340.53 2516
341.53 2507
342.53 2485
343.53 2474
344.53 2467
345.53 2446
346.52 2433
347.52 2410
348.52 2359
349.52 2397
350.52 2376
4.16 13748
19.17 7619
20.17 7653
21.17 7742
22.17 7759
65.27 8439
66.27 8386
67.27 8432
82.28 7857
100.91 278
101.91 209
103.91 175
104.91 176
108.64 220
108.89 218
110.89 218
111.89 211
117.88 1662
128.11 289
140.7 284
147.69 335
158.03 486
159.16 476
159.91 473
161.16 470
162.28 468
163.16 466
163.91 465
165.03 460
166.16 460
167.16 459
168.28 457
169.16 455
170.16 454
171.41 452
172.16 451
173.16 450
174.16 450
175.16 447
176.16 450
177.28 448
178.41 447
179.03 449
180.16 490
182.28 447
183.28 450
184.03 450
185.03 450
186.03 452
187.03 452
188.28 453
189.16 453
190.28 456
191.03 458
192.16 460
193.28 460
194.28 462
194.92 466
196.3 467
197.17 465
198.05 473
199.05 472
200.05 482
202.94 492
210.2 345
211.33 346
214.59 2510
215.59 2490
216.22 291
220.09 356
221.86 291
227.62 2501
228.25 282
229.88 278
234.78 2260
235.78 2233
236.78 2211
237.78 2182
238.78 2159
239.8 2132
247.67 261
247.67 262
254.56 251
256.08 254
262.88 2069
263.88 2055
264.88 2059
265.89 2056
266.89 2055
267.89 2058
268.89 2062
269.91 2041
270.91 2053
271.91 2039
272.91 2059
273.92 2040
274.92 2062
275.92 2046
276.92 2069
277.94 2050
278.94 2079
279.94 2061
280.94 2095
281.95 2082
282.95 2104
283.95 2099
284.95 2125
285.95 2120
286.95 2137
287.95 2146
288.95 2155
289.95 2170
290.95 2181
292.08 1789
293.08 1804
294.08 1824
294.95 2197
295.95 2258
296.95 2292
297.95 2323
298.83 2352
300.83 2404
301.83 2432
302.83 2447
306.83 2579
310.83 2722
311.83 2769
312.83 2806
313.84 2868
314.72 2931
315.84 2974
316.72 3039
317.72 3095
318.72 3172
326.59 3801
327.72 3841
328.59 4150
329.61 4300
330.61 4470
331.61 4363
335.61 5492
336.61 5353
337.61 5521
338.86 2549
339.86 2518
340.86 2518
341.86 2507
342.86 2489
343.86 2470
344.86 2456
345.88 2434
346.86 2419
347.86 2408
348.98 2210
349.86 2372
350.86 2372
19.45 7647
20.45 7697
21.45 7720
22.45 7794
65.56 8459
66.56 8439
67.56 8466
82.56 7869
101.3 276
102.17 216
104.17 175
105.17 177
109.03 219
110.16 220
111.16 218
112.16 212
118.12 1673
127.48 284
139.72 280
140.47 283
147.58 337
157.19 482
158.31 478
159.44 475
160.44 473
161.56 471
162.31 468
163.31 467
164.44 463
165.56 461
166.31 459
167.44 458
168.44 456
169.69 454
170.31 454
171.69 452
172.31 450
173.56 448
174.31 450
175.56 449
176.44 449
177.56 448
179.94 570
181.31 448
182.56 449
183.56 450
184.69 450
185.56 451
186.69 451
187.44 452
188.44 453
189.44 455
190.31 456
191.31 458
192.44 460
193.56 462
194.56 463
195.44 468
196.31 470
197.44 456
198.44 463
199.44 478
200.19 482
202.19 488
210.31 347
211.56 347
214.81 2516
216.06 290
220.2 358
222.2 293
228.47 283
229.47 280
236 2228
237.02 2206
238.02 2172
239.02 2149
240.02 2132
248.91 260
254.28 255
256.3 254
262.08 2071
263.08 2054
264.08 2054
265.08 2048
266.08 2049
267.08 2055
268.09 2050
269.09 2047
270.09 2054
271.09 2061
272.09 2066
273.09 2063
274.11 2065
275.11 2062
276.11 2057
277.11 2079
278.11 2060
279.11 2078
280.11 2067
281.12 2096
282.12 2090
283.12 2102
284.12 2100
285.12 2124
286.12 2131
287.14 2139
288.14 2156
289.14 2161
290.14 2171
291.14 2195
292.27 1795
293.27 1807
294.28 1819
295.16 2198
296.16 2264
297.16 2296
300.05 2364
301.05 2396
303.05 2447
304.05 2491
307.06 2586
308.06 2623
313.06 2827
313.94 2874
314.94 2932
315.94 2986
316.94 3055
320.94 3322
325.95 3871
326.95 3828
327.83 3853
328.83 4192
329.83 4340
330.83 4486
331.83 4346
332.83 4349
335.83 5444
337.84 5507
339.08 2554
340.08 2514
341.08 2518
342.08 2506
343.08 2477
344.08 2468
345.06 2464
346.06 2421
347.06 2415
348.06 2411
349.19 2349
350.06 2396
351.05 2373
351.86 2413
18.67 7619
19.67 7680
20.69 7748
21.69 7771
22.69 7817
58.8 9177
65.81 8426
67.81 8507
82.83 7794
100.97 279
104.47 175
105.22 232
105.47 180
108.47 219
108.84 220
110.34 214
110.47 219
112.47 212
117.44 1660
118.44 1682
128.03 285
140.48 282
147.22 329
152.09 390
157.72 481
158.47 481
159.47 474
160.72 473
161.59 471
162.72 467
163.72 465
164.59 465
165.72 461
166.59 459
167.84 456
168.72 455
169.97 454
170.84 452
171.84 452
172.72 450
173.7 450
174.7 449
175.83 449
176.83 448
177.81 449
178.94 431
179.81 449
181.56 448
182.8 450
183.67 450
184.67 450
185.8 451
186.53 452
187.66 454
188.66 454
189.78 455
190.66 457
191.52 459
192.64 460
193.52 463
194.64 464
195.5 467
196.62 470
197.75 462
198.75 461
199.62 476
202.36 488
207.23 379
210 348
210.88 346
211.64 350
215.05 2508
215.28 288
216.66 288
221.44 291
222.7 294
228.12 2450
229.36 282
234.17 2275
235.3 2251
236.3 2223
237.3 2193
238.3 2168
239.3 2144
240.31 2134
252.45 225
256.09 258
257.47 248
262.38 2056
263.38 2046
264.38 2049
265.38 2031
266.39 2040
267.39 2037
268.39 2061
269.39 2035
270.41 2053
271.41 2043
272.41 2054
273.41 2063
274.42 2058
275.42 2064
276.42 2063
277.44 2072
278.44 2079
279.44 2081
280.44 2092
281.45 2102
282.45 2103
283.45 2109
284.47 2116
285.47 2127
286.47 2134
287.47 2139
288.48 2163
289.48 2175
290.48 2173
292.62 1802
293.62 1805
294.5 2192
295.52 2214
299.53 2355
305.41 2519
308.41 2630
309.41 2682
319.28 3199
320.28 3283
326.28 3841
327.28 3838
328.16 4074
329.16 4252
330.17 4396
331.16 4505
332.16 4389
335.16 5273
336.16 5318
338.41 2581
339.41 2563
340.41 2537
341.39 2514
342.39 2498
343.39 2479
344.39 2467
345.39 2460
346.39 2418
347.39 2415
348.39 2388
349.39 2395
350.52 2381
352.05 2417
19.06 7625
20.06 7692
21.06 7748
22.08 7765
66.2 8373
67.2 8386
100.73 278
104.86 175
108.86 219
109.36 220
110.86 218
111.86 211
112.84 214
117.95 1664
128.19 290
140.3 285
147.42 335
158.17 486
159.17 477
159.92 473
161.17 470
161.92 469
163.17 465
164.05 464
165.3 460
166.03 460
167.28 459
168.03 456
169.03 454
170.28 454
171.27 452
172.02 451
173.39 450
174.27 449
175.14 449
176 449
177.12 448
178.12 448
181.38 450
182.23 448
183.23 450
184.11 450
185.23 452
185.98 451
186.97 453
188.22 454
189.34 454
190.09 456
191.09 458
192.08 459
192.95 461
193.95 464
195.2 464
196.08 468
197.08 469
198.2 472
198.95 470
200.08 480
202.97 493
207.73 377
210.38 345
211.12 345
212.38 351
215.53 2487
216.27 290
220.05 357
222.67 291
223.3 288
227.59 2507
228.33 281
228.95 283
234.73 2260
235.73 2241
236.73 2215
237.75 2182
238.75 2159
239.75 2136
247.5 260
247.89 260
253.39 251
257.41 253
262.83 2067
263.83 2063
264.83 2059
265.84 2055
266.84 2055
267.84 2056
268.86 2052
269.86 2037
270.86 2053
271.88 2031
272.88 2054
273.88 2034
274.89 2064
275.89 2046
276.89 2071
277.89 2053
278.91 2081
279.91 2065
280.91 2088
281.92 2080
282.92 2103
283.92 2101
284.94 2117
285.94 2123
286.94 2141
287.95 2142
288.95 2154
289.95 2164
290.97 2181
292.09 1790
293.09 1806
294.09 1824
294.97 2197
295.97 2258
296.97 2290
297.84 2320
298.97 2348
300.84 2389
301.84 2422
306.84 2579
310.84 2741
311.84 2761
312.84 2800
313.84 2871
314.72 2939
315.72 2954
316.72 3030
317.72 3110
318.72 3171
321.72 3340
326.7 3785
327.7 3846
328.58 4156
329.58 4298
330.58 4468
331.58 4355
336.56 5356
337.56 5461
338.81 2554
339.81 2531
340.81 2525
341.81 2504
342.81 2483
343.81 2468
344.8 2461
345.8 2442
346.8 2416
347.8 2405
348.8 2284
349.8 2377
350.8 2372
19.45 7647
20.45 7720
21.45 7737
22.45 7805
65.58 8426
66.58 8412
67.58 8419
82.59 7869
100.72 277
102.22 217
104.22 175
105.22 178
109.22 219
110.09 217
110.22 220
112.22 212
118.22 1666
127.84 284
139.45 280
140.95 282
152.33 385
157.33 484
158.31 478
159.56 474
160.31 474
161.31 471
162.44 468
163.69 467
164.42 464
165.55 461
166.42 458
167.42 457
168.42 454
169.67 454
170.66 452
171.66 452
172.41 451
173.53 449
174.53 449
175.53 448
176.78 448
177.39 448
178.64 430
179.64 429
181.52 449
182.77 449
183.38 450
184.62 451
185.75 450
186.62 451
187.62 453
188.62 455
189.5 454
190.5 456
191.5 458
192.62 461
193.39 462
194.52 465
195.52 469
196.39 469
197.66 460
198.41 462
199.41 476
202.55 485
207.31 380
210.95 347
211.33 350
214.98 2508
216.97 288
222.86 295
228.03 2452
228.39 283
234.19 2293
235.19 2258
236.19 2221
237.2 2199
238.2 2166
239.2 2146
240.2 2136
253.12 258
255.25 247
256.14 257
262.33 2053
263.33 2038
264.33 2067
265.34 2047
266.34 2060
267.36 2037
268.36 2058
269.36 2042
270.38 2055
271.38 2055
272.38 2058
273.39 2058
274.39 2063
275.41 2065
276.41 2064
277.41 2069
278.42 2077
279.42 2080
280.42 2091
281.44 2100
282.44 2100
283.45 2105
284.45 2116
285.45 2128
286.45 2130
287.45 2137
288.45 2155
289.45 2165
290.45 2179
292.59 1803
293.59 1805
294.47 2198
295.47 2223
297.34 2308
299.48 2362
300.36 2375
304.36 2496
305.36 2511
308.38 2635
309.38 2674
326.27 3809
327.27 3838
328.14 4070
329.14 4237
330.14 4407
331.14 4505
332.14 4390
335.14 5270
336.14 5313
338.39 2579
339.39 2558
340.39 2515
341.39 2511
342.39 2496
343.39 2475
344.39 2463
345.39 2447
346.39 2419
347.41 2408
348.53 2376
349.41 2396
350.41 2383
351.8 2414
19.14 7641
20.14 7692
21.14 7742
22.14 7788
58.28 9177
65.31 8419
66.31 8379
67.31 8412
82.36 7857
101.12 276
102 213
104 175
105 176
108.5 220
109 218
111 218
112 211
118.12 1662
127.5 283
128.75 286
139.88 277
140.62 283
147.5 335
158.12 479
159.12 475
160.25 472
161.5 469
162.38 468
163.12 466
164.38 464
165.38 460
166.27 459
167.39 458
168.27 455
169.39 455
170.52 454
171.27 452
172.39 451
173.52 448
174.39 449
175.39 449
176.27 449
177.39 449
179.77 566
181.39 448
182.53 448
183.53 450
184.28 450
185.66 451
186.28 451
187.55 452
188.42 454
189.3 455
190.55 457
191.55 457
192.56 460
193.44 462
194.56 463
195.44 466
196.33 468
197.58 457
198.45 463
199.45 476
200.45 481
202.47 487
210.86 346
211.5 348
214.89 2501
216.52 288
220.28 359
222.28 294
227.95 2465
228.81 282
233.97 2309
235.09 2261
236.11 2227
237.11 2202
238.11 2171
239.11 2143
240.12 2134
246.88 259
253.28 257
253.8 271
255.3 248
257.55 256
262.25 2058
263.25 2049
264.27 2060
265.27 2046
266.27 2059
267.28 2043
268.28 2058
269.3 2066
270.3 2059
271.3 2058
272.31 2055
273.31 2057
274.33 2067
275.33 2065
276.34 2065
277.34 2069
278.34 2070
279.34 2084
280.34 2086
281.34 2100
282.36 2102
283.36 2107
284.36 2119
285.36 2128
286.36 2135
287.38 2137
288.38 2161
289.38 2168
290.38 2176
292.52 1803
293.52 1806
294.39 2189
295.39 2218
296.27 2277
297.27 2307
299.41 2355
300.41 2367
304.3 2498
305.3 2525
308.31 2624
309.31 2666
326.23 3841
327.12 3842
328.12 4074
329.12 4237
330.12 4392
331.14 4513
332.14 4372
336.16 5321
338.41 2580
339.41 2557
340.42 2515
341.42 2515
342.42 2493
343.42 2478
344.42 2466
345.42 2446
346.42 2420
347.42 2408
348.42 2396
349.42 2395
350.42 2383
19.11 7636
20.12 7675
21.12 7748
22.12 7776
58.28 9177
65.31 8432
66.33 8453
67.33 8412
82.38 7822
100.62 277
104 175
105.25 176
109 218
110 220
110.88 211
111 218
118.02 1671
127.89 283
128.02 289
139.39 279
141.14 283
148.03 336
157.42 484
158.42 478
159.44 475
160.31 473
161.44 470
162.31 468
163.44 467
164.44 465
165.31 460
166.31 460
167.45 457
168.33 455
169.45 455
170.45 454
171.58 452
172.58 450
173.7 449
174.45 450
175.59 448
176.47 449
177.47 448
179.72 571
181.47 449
182.47 450
183.47 450
184.72 450
185.47 450
186.73 450
187.61 451
188.48 455
189.48 454
190.61 458
191.36 458
192.61 460
193.48 461
194.23 464
195.48 466
196.61 468
197.5 458
198.62 465
199.5 477
200.38 482
202.25 488
210.89 347
211.66 347
214.94 2504
216.67 288
220.7 361
222.58 294
228 2460
228.48 282
234.03 2308
235.17 2259
236.17 2223
237.19 2196
238.19 2166
239.19 2143
240.19 2139
253.73 271
253.86 258
255.12 247
256.75 257
262.3 2054
263.31 2036
264.31 2060
265.31 2040
266.33 2053
267.33 2037
268.33 2058
269.34 2049
270.34 2053
271.34 2055
272.36 2053
273.36 2058
274.36 2066
275.38 2066
276.38 2063
277.38 2068
278.39 2071
279.39 2084
280.39 2094
281.41 2101
282.41 2103
283.41 2107
284.42 2121
285.42 2129
286.42 2139
287.44 2139
288.44 2152
289.44 2162
290.45 2173
292.58 1803
293.59 1806
294.47 2197
295.47 2223
299.5 2354
305.41 2520
308.41 2628
309.42 2656
310.42 2729
319.33 3198
320.33 3291
322.34 3447
326.36 3792
327.36 3832
328.23 4089
329.25 4262
330.25 4423
331.25 4507
335.27 5305
336.27 5286
338.52 2585
339.52 2560
340.52 2503
341.52 2516
342.52 2489
343.52 2475
344.52 2467
345.52 2448
346.52 2418
347.52 2409
348.52 2358
349.52 2396
350.52 2380
19.23 7675
20.25 7697
21.25 7720
22.25 7771
65.48 8426
66.5 8392
67.5 8426
82.56 7822
100.73 277
100.86 217
104.23 175
105.25 178
109.27 220
110.02 217
110.27 220
111.64 212
117.27 1648
118.27 1668
127.39 285
139.39 281
141.02 280
146.91 328
152.17 390
157.56 482
158.45 479
159.58 475
160.7 473
161.58 470
162.7 467
163.72 465
164.72 462
165.59 461
166.84 458
167.72 457
168.86 455
169.59 454
170.72 452
171.59 452
172.72 451
173.72 449
174.84 450
175.84 448
176.72 448
177.72 447
178.84 433
179.59 456
181.72 448
182.84 449
183.72 450
184.84 450
185.72 452
186.59 451
187.59 453
188.84 454
189.59 455
190.84 458
191.84 460
192.59 460
193.72 462
194.72 465
195.72 467
196.72 470
197.72 464
198.59 462
199.59 475
202.73 489
207.64 382
210.03 346
210.78 346
211.55 353
215.23 2490
215.44 289
222.38 290
222.75 294
228.33 2453
229.42 282
234.38 2284
235.5 2254
236.52 2219
237.52 2186
238.53 2161
239.53 2143
251.81 223
255.84 250
262.67 2067
263.67 2057
264.69 2059
265.69 2047
266.7 2057
267.7 2033
268.72 2048
269.72 2033
270.73 2058
271.73 2033
272.75 2058
273.75 2039
274.77 2063
275.77 2048
276.78 2066
277.78 2065
278.8 2078
279.81 2073
280.81 2088
281.83 2091
282.83 2104
283.84 2108
284.84 2120
285.86 2118
286.86 2136
287.88 2141
288.88 2162
289.89 2163
290.89 2179
293.03 1809
294.05 1820
294.94 2211
295.81 2263
296.94 2291
297.81 2316
298.81 2332
301.83 2421
302.83 2448
306.83 2578
310.84 2724
311.84 2770
312.84 2807
313.84 2871
314.73 2931
315.73 2979
316.73 3047
317.73 3105
318.73 3188
325.75 3762
326.77 3771
327.77 3836
328.64 4166
329.64 4309
330.64 4458
331.64 4351
335.64 5473
336.64 5315
337.66 5487
338.91 2553
339.91 2512
340.91 2517
341.91 2509
342.91 2482
343.91 2468
344.91 2461
345.91 2435
346.91 2417
347.91 2412
349.05 2295
349.92 2378
351.05 2371
18.66 7587
19.67 7630
20.67 7737
21.67 7748
22.69 7822
65.92 8406
83.02 7817
100.08 280
103.7 173
104.7 175
106.7 232
108.7 220
108.7 219
110.7 218
111.7 212
111.95 215
117.73 1665
128.23 289
140.38 285
147.64 335
158.03 481
159.16 475
159.91 474
160.91 471
161.92 468
163.05 464
164.17 463
165.3 460
166.05 460
167.05 459
168.17 457
169.05 454
170.42 453
171.05 452
172.42 451
173.19 450
174.19 450
175.19 449
176.44 449
177.19 448
178.44 447
179.19 446
180.06 491
181.06 449
182.19 448
183.31 450
184.2 450
185.2 452
186.45 451
187.33 452
188.2 452
189.45 454
190.2 456
191.08 457
192.08 460
193.08 461
194.34 462
195.34 467
196.22 467
197.23 460
199 474
200.12 481
202.27 488
210.06 352
211.45 345
214.75 2514
215.75 2497
216.47 294
220.38 358
222.27 293
227.83 2501
228.44 283
234.98 2264
236 2230
237 2205
238 2177
239.02 2154
240.02 2131
248.91 260
253.56 256
256.2 256
262.14 2070
263.16 2053
264.16 2057
265.16 2048
266.17 2056
267.17 2055
268.19 2055
269.19 2057
270.2 2057
271.2 2058
272.22 2054
273.22 2060
274.22 2061
275.23 2065
276.23 2066
277.25 2068
278.25 2079
279.27 2075
280.27 2093
281.27 2097
282.28 2100
283.28 2104
284.3 2114
285.3 2119
286.31 2132
287.31 2136
288.33 2156
289.33 2163
290.33 2170
292.45 1801
293.47 1808
294.34 2194
295.34 2203
296.34 2267
297.22 2307
300.36 2367
305.25 2518
308.27 2621
309.27 2678
323.19 3468
326.19 3868
327.06 3857
328.08 4072
329.08 4214
330.08 4380
331.08 4505
332.08 4367
335.08 5252
336.09 5310
338.34 2566
339.34 2566
340.34 2511
341.34 2514
342.34 2497
343.34 2477
344.36 2466
345.36 2463
346.36 2421
347.36 2417
348.36 2388
349.36 2396
350.48 2381
351.92 2407
19.09 7619
20.11 7686
21.11 7725
22.11 7782
65.31 8493
66.33 8439
67.33 8386
82.38 7771
101.41 277
104.03 175
105.03 176
109.03 218
110.03 220
110.91 211
111.03 218
118.03 1673
127.77 283
128.02 292
140.02 279
140.77 283
147.88 339
158.12 479
159.38 475
160.12 472
161.12 470
162.25 468
163.38 467
164.5 464
165.5 460
166.52 459
167.52 458
168.27 455
169.52 454
170.39 453
171.39 452
172.52 451
173.39 449
174.27 450
175.64 448
176.39 449
177.53 448
178.66 434
179.66 416
179.78 570
181.41 449
182.28 450
183.28 450
184.28 450
185.66 451
186.53 451
187.55 451
188.67 454
189.42 455
190.3 456
191.42 458
192.44 460
193.44 461
194.56 464
195.31 469
196.44 470
197.58 458
198.45 460
199.2 477
200.45 487
202.22 486
210.86 347
211.62 347
214.89 2507
216.5 288
220.28 360
222.66 294
227.97 2460
228.56 283
234.12 2299
235.14 2255
236.14 2227
237.16 2198
238.16 2171
239.16 2144
240.17 2135
252.97 258
253.98 271
257.23 247
257.23 256
262.3 2057
263.3 2046
264.31 2059
265.31 2046
266.31 2059
267.33 2037
268.33 2059
269.33 2053
270.34 2055
271.34 2058
272.34 2058
273.36 2059
274.36 2062
275.36 2066
276.38 2062
277.38 2071
278.38 2072
279.39 2087
280.39 2090
281.41 2096
282.41 2103
283.41 2106
284.41 2111
285.41 2126
286.42 2131
287.42 2143
288.42 2157
289.42 2161
290.42 2175
292.56 1794
293.56 1805
294.44 2190
295.45 2218
296.45 2289
297.33 2307
299.33 2359
300.34 2371
305.36 2527
308.36 2623
309.38 2663
310.38 2737
319.27 3195
320.28 3281
326.3 3827
327.3 3836
328.17 4074
329.17 4245
330.17 4396
331.17 4509
332.17 4367
335.19 5257
336.19 5313
338.44 2578
339.45 2558
340.45 2506
341.45 2508
342.45 2490
343.45 2480
344.45 2468
345.47 2459
346.47 2419
347.47 2415
348.47 2376
349.47 2380
350.47 2377
351.59 2389
19.11 7647
20.11 7686
21.12 7742
22.12 7759
65.3 8446
66.3 8406
67.3 8406
82.36 7946
100.36 277
103.98 175
104.98 176
108.98 218
109.98 220
111.23 218
111.98 211
117.97 1666
128.09 296
139.22 287
140.97 284
147.84 333
157.11 483
158.11 479
159.23 476
160.23 472
161.23 471
162.36 468
163.23 466
164.5 464
165.5 461
166.38 460
167.5 458
168.62 456
169.5 453
170.25 454
171.25 452
172.27 451
173.52 449
174.64 450
175.52 448
176.52 449
177.64 448
179.78 560
181.66 449
182.28 449
183.41 451
184.41 450
185.53 451
186.53 451
187.66 451
188.42 454
189.3 455
190.3 456
191.55 458
192.3 460
193.42 461
194.3 463
195.42 468
196.31 469
197.31 456
198.31 461
199.44 477
200.19 482
202.44 485
210.7 349
211.83 348
214.86 2504
216.22 289
220.38 360
222.75 294
228.53 283
230.28 279
235.08 2260
236.09 2226
237.09 2201
238.09 2173
239.11 2145
240.11 2134
256.28 257
256.41 248
262.2 2057
263.2 2049
264.22 2054
265.22 2043
266.22 2053
267.23 2041
268.23 2046
269.23 2062
270.23 2060
271.25 2059
272.25 2055
273.25 2054
274.27 2065
275.27 2065
276.27 2070
277.27 2075
278.28 2082
279.28 2076
280.28 2096
281.3 2094
282.3 2099
283.3 2104
284.31 2111
285.31 2117
286.31 2136
287.33 2139
288.33 2158
289.33 2157
290.34 2172
292.47 1801
293.47 1810
294.36 2196
295.36 2216
296.23 2268
297.38 2298
299.25 2360
300.39 2362
304.28 2500
305.28 2516
308.3 2633
309.3 2666
326.22 3838
327.22 3838
328.11 4067
329.11 4230
330.11 4390
331.11 4496
332.11 4365
336.12 5313
338.39 2573
339.38 2557
340.38 2481
341.38 2515
342.38 2493
343.38 2479
344.38 2466
345.38 2444
346.38 2418
347.38 2407
348.38 2397
349.38 2393
350.38 2381
19.05 7625
20.05 7708
21.06 7737
22.06 7776
65.3 8459
66.31 8412
67.31 8446
82.36 7922
101.02 277
101.77 209
104.02 175
105.02 176
109.03 219
110.03 220
111.03 218
112.03 211
118.17 1663
127.94 283
139.94 280
140.81 283
147.95 337
157.36 484
158.36 478
159.48 474
160.48 474
161.5 471
162.25 468
163.5 467
164.62 464
165.38 461
166.62 458
167.77 456
168.52 454
169.52 455
170.77 454
171.39 452
172.52 451
173.53 449
174.66 448
175.53 449
176.66 448
177.53 448
178.78 429
179.67 422
179.8 590
181.67 448
182.42 450
183.8 450
184.81 450
185.69 450
186.56 452
187.69 453
188.44 453
189.45 456
190.7 457
191.45 459
192.45 461
193.7 462
194.45 463
195.59 467
196.59 470
197.47 460
198.47 459
199.47 475
200.23 488
202.23 485
207.12 384
210.77 347
211.77 350
215.05 2508
216.28 288
221.69 292
222.56 294
228.11 2455
228.84 283
234.27 2283
235.28 2248
236.28 2220
237.28 2188
238.3 2168
239.3 2143
240.3 2141
252.45 225
253.97 274
257.23 248
257.61 258
262.42 2057
263.42 2043
264.42 2057
265.44 2033
266.44 2045
267.45 2036
268.45 2053
269.45 2037
270.45 2054
271.47 2044
272.47 2055
273.47 2045
274.48 2057
275.48 2068
276.48 2075
277.5 2073
278.5 2083
279.5 2086
280.52 2094
281.52 2100
282.52 2102
283.53 2104
284.53 2112
285.53 2118
286.53 2135
287.55 2141
288.55 2158
289.55 2166
290.56 2170
292.69 1803
293.7 1808
294.58 2195
298.59 2326
299.48 2354
301.48 2405
302.48 2437
304.5 2496
305.5 2525
309.52 2686
310.52 2711
311.52 2765
319.42 3200
322.44 3448
327.45 3821
328.33 4106
329.33 4261
330.33 4421
331.34 4502
335.34 5299
336.34 5315
338.59 2570
339.59 2558
340.59 2490
341.59 2501
342.59 2485
343.59 2478
344.59 2459
345.59 2440
346.59 2415
347.59 2404
348.72 2354
349.59 2394
350.59 2378
19.31 7619
20.31 7714
21.31 7759
22.33 7788
58.52 9177
65.56 8466
66.56 8426
67.58 8446
82.61 7822
100.53 277
101.03 217
104.28 175
105.28 178