0.16 7146
14.72 11790
15.28 11790
15.83 11790
20.86 13820
21.41 12848
43.92 6432
44.5 6488
45.06 6576
50.14 5901
50.7 5944
51.84 5861
52.41 5897
52.97 5871
53.53 5852
54.09 5810
54.67 5784
55.36 5756
55.92 5791
56.92 5911
57.48 5868
62.7 5513
69.48 5507
70.05 5507
70.61 5507
71.75 5507
73.45 5536
75.14 5559
75.7 5513
76.28 5530
79.11 4772
79.67 4680
91.55 4984
98.81 281
99.25 277
101.25 277
103.58 175
104.14 175
104.7 176
108.09 218
108.55 220
108.66 219
109.23 219
110.36 218
110.38 211
110.92 217
111.44 213
113.72 257
118.23 1638
118.69 1673
127.23 289
127.67 281
133.44 304
139.47 283
139.91 282
140.17 278
147.25 333
147.58 330
151.88 388
152.56 394
156.86 484
157.56 481
158.14 478
158.84 476
159.17 475
159.86 471
160.31 472
161.25 471
161.45 470
162.41 467
162.97 465
163.42 466
164 464
164.44 464
165.02 458
165.7 459
166.16 456
166.98 457
167.55 456
168 456
168.7 455
169.27 452
169.97 453
170.41 451
170.98 452
171.31 452
172.12 451
172.83 450
173.03 449
173.84 449
174.55 449
174.86 449
175.44 448
176.14 449
176.58 448
177.28 447
177.73 447
178.27 547
178.69 432
179.3 576
179.47 476
180.75 448
181.2 448
182.03 447
182.48 448
182.94 449
183.64 450
184.22 450
184.55 452
185.38 450
185.95 450
186.53 451
186.98 451
187.69 453
188.27 455
188.59 454
189.3 454
190 454
190.33 459
190.91 458
191.48 461
192.19 462
192.77 460
193.47 461
193.8 464
194.25 465
195.08 465
195.53 468
196 467
197.28 464
198.45 467
199.03 477
199.75 479
201.7 497
202.42 489
209.62 343
210.09 344
210.42 345
211.27 348
214.66 2480
214.8 287
215.23 2467
216.27 287
216.97 287
220.16 358
221.88 289
222.45 294
222.67 299
226.83 2990
227.42 3044
228 3059
228.06 283
229.28 277
233.97 2773
234.56 2655
235.14 2619
235.73 2581
236.31 2600
236.89 2617
237.48 2635
238.06 2683
238.64 2751
239.23 2793
239.69 2884
246.41 261
252.33 227
254.53 251
255.8 263
257 249
263.62 5001
265.39 5155
267.16 5140
267.75 5142
269.52 5147
271.3 5090
271.89 5122
273.67 5162
277.83 4821
279 5160
279.59 5095
281.38 5223
281.97 5231
282.56 5244
283.16 5226
283.75 5268
284.34 5292
284.94 5299
300.88 5950
302.53 6213
303.12 6239
303.7 6265
304.3 6294
304.89 6390
305.48 6432
306.08 6456
310.94 4070
355.67 7126
356.23 7141
356.8 7117
357.36 7098
357.92 7136
358.47 7209
359.03 7074
359.59 7107
0.06 7150
15.08 11790
15.69 11790
21.11 12832
44.62 6532
45.23 6536
50.08 5901
50.8 5907
51.41 5887
52.02 5881
52.48 5917
53.09 5865
53.83 5835
54.44 5781
55.03 5778
55.52 5753
56.25 5694
56.72 5819
57.33 5810
63.5 5507
67.72 5507
69.53 5507
70.12 5513
70.73 5507
71.34 5507
73.14 5507
75.56 5510
76.16 5527
76.77 5547
79.17 4763
93.12 4998
99.59 277
100.44 277
103.66 175
104.27 175
104.88 177
106.09 225
107.91 218
108.52 219
109.12 219
109.73 220
110.34 218
110.95 217
111.56 211
112.17 213
118.69 1662
127.42 290
127.44 285
139.94 284
140.08 280
146.39 337
147 335
151.77 387
152.88 386
156.64 486
157.5 480
158.12 480
158.61 478
159.47 475
159.69 211
159.95 472
160.44 472
161.19 470
161.55 470
162.53 465
162.89 463
163.38 465
164.36 463
164.84 461
165.45 461
166.06 460
166.55 458
167.41 455
167.91 456
168.52 455
169 455
169.73 454
170.22 452
170.83 452
171.69 451
172.3 450
173.03 451
173.64 449
174.25 450
174.62 449
175.36 448
175.84 449
176.7 447
177.06 448
177.8 447
178.39 530
178.53 432
179.48 576
179.5 472
180.73 449
181.34 448
181.83 448
182.69 449
183.19 450
184.05 449
184.53 450
185.02 450
185.89 451
186.38 450
187.11 452
187.47 454
188.09 453
188.95 453
189.44 455
189.92 455
190.8 457
191.16 459
191.89 460
192.5 460
193 462
193.61 463
194.34 464
194.95 466
195.58 470
196.67 470
197.28 460
197.91 470
198.39 464
199 477
199.73 479
202.09 481
202.72 496
205.33 369
207.31 386
209.69 344
209.92 344
210.92 345
211.42 349
214.52 2478
215.12 2465
215.78 288
215.78 287
220 357
221.88 289
222.62 294
226.83 2989
227.45 3034
228.06 3046
228.34 282
228.72 282
234.41 2667
235.03 2649
235.66 2591
236.28 2593
236.91 2613
237.53 2626
238.14 2672
238.77 2738
239.39 2788
245.89 260
247.64 259
251.27 231
253.02 373
253.39 252
255.64 255
256.02 248
263.53 4919
265.42 5145
267.31 5132
267.94 5157
271.08 5130
272.33 5110
277.36 4772
277.98 4789
279.86 5140
280.48 5142
281.11 5180
281.73 5195
282.36 5205
282.98 5239
283.61 5265
284.25 5299
284.88 5294
301.06 5971
301.69 6162
302.31 6188
302.95 6242
303.58 6265
304.2 6302
304.84 6359
305.47 6417
306.09 6460
310 4189
311.27 4135
355.91 7122
356.5 7131
357.09 7136
357.69 7079
358.28 7349
358.88 7098
359.47 7093
0.48 7136
15.2 11790
15.84 11790
20.97 12694
45.34 6492
50.48 5901
52.41 5897
53.05 5897
53.69 5848
54.34 5810
55.11 5750
55.75 5778
56.39 5703
56.91 5897
57.55 5861
62.81 5507
63.45 5507
69.89 5507
70.53 5513
74.38 5550
75.03 5536
75.67 5515
76.31 5518
78.88 4721
79.52 4717
100.11 277
101.03 279
103.8 176
104.45 176
105.09 179
108.33 219
108.97 219
109.61 220
109.66 217
110.27 218
111.55 211
112.2 213
113.3 257
118.23 1628
118.77 1657
127.78 288
134.3 367
140.19 280
140.33 284
147.09 334
152.45 391
157.44 480
157.97 481
158.61 478
159.14 474
159.8 472
160.69 471
161.34 470
161.75 465
162.64 467
163.17 465
163.95 464
164.72 463
165.25 460
165.78 459
166.42 458
167.2 457
168.11 456
168.52 454
169.16 452
169.69 453
170.34 452
171.25 451
171.78 451
172.42 450
173.08 448
173.98 448
174.52 449
175.16 449
175.69 448
176.34 447
177.25 447
177.53 448
178.67 432
180.91 449
181.56 448
182.47 449
182.75 450
183.66 450
184.05 450
184.95 451
185.48 451
186.39 451
186.92 453
187.33 452
188.23 454
188.77 454
189.55 454
189.95 456
190.61 458
191.52 459
191.92 460
192.7 461
193.36 463
194.02 463
194.55 464
195.45 465
196.52 470
197.3 458
197.7 474
198.73 464
199.14 479
199.8 480
202.17 487
207.36 378
209.83 346
210.48 344
210.64 345
211.55 349
214.36 2483
215.02 2474
215.33 287
216.48 288
220.08 359
221.48 289
222.14 295
226.7 2979
227.36 3040
228.03 3045
228.3 283
229.58 284
233.98 3596
234.78 2635
235.44 2622
236.11 2591
236.77 2599
237.42 2612
238.09 2657
238.75 2720
239.42 2782
246.61 260
252.48 381
254.62 247
255.14 248
256.31 254
263.69 4926
267 5155
268.98 5130
269.66 5140
270.33 5160
270.98 5160
276.98 5162
277.66 4815
278.33 4800
279 5097
279.66 5097
280.33 5152
281.66 5175
282.33 5205
283 5252
283.66 5281
284.33 5273
285 5284
300.94 5950
301.59 5991
302.14 5994
302.8 6217
303.47 6250
304.12 6279
304.8 6317
305.45 6393
306.11 6436
309.56 4210
310.89 4135
315.44 7511
355.39 7074
356.03 7131
356.66 7160
357.3 7022
357.94 7064
358.56 7160
359.2 7131
359.84 7165
0.16 7126
14.92 11790
15.59 11790
20.97 12942
43.86 6440
44.53 6532
45.2 6576
50.58 5901
52.72 5887
53.27 5894
54.06 5832
54.73 5772
55.41 5737
56.08 5816
56.75 5697
57.3 5807
62.83 5507
68.22 5507
69.56 5507
70.23 5507
70.91 5507
73.61 5507
74.95 5533
75.64 5507
76.31 5550
79 4765
79.69 4680
86.45 4908
87.81 4968
98.66 283
99.7 277
100.5 277
100.69 285
104.11 175
104.78 176
107.3 219
108.11 219
109.53 219
110.2 219
110.25 218
111.55 211
112.22 213
114.09 259
118.83 1652
126.75 285
127.44 290
139.05 280
139.98 284
146.55 329
147.72 326
152.03 392
156.98 486
157.42 482
158.23 478
158.91 473
159.59 473
160.14 474
161.08 471
161.89 469
162.44 466
163 465
163.94 464
164.61 461
165.3 460
165.72 459
166.66 457
167.22 457
167.89 455
168.45 456
169.52 454
169.81 453
170.5 453
171.42 451
171.98 450
172.66 450
173.59 450
174.03 450
174.83 449
175.52 447
176.19 448
176.88 448
177.44 447
178.11 446
178.92 439
179.34 454
179.53 568
180.84 450
181.39 448
182.2 449
182.75 450
183.56 451
184.38 450
184.92 452
185.73 452
186.41 451
186.84 452
187.91 453
188.33 454
189.14 453
189.69 455
190.5 457
191.19 457
191.88 460
192.19 461
193.12 462
193.94 462
194.38 464
195.31 464
196.56 469
197.12 458
197.94 471
198.52 465
199.2 477
200.02 482
200.75 164
202.64 489
205.45 379
209.28 350
210.34 345
211.16 344
211.47 349
214.61 2483
215.31 2466
215.55 288
216.23 289
221.88 291
222.44 295
226.91 3006
227.59 3053
228.3 3058
228.83 283
229.66 283
234.64 2665
235.33 2643
236.02 2595
236.72 2615
237.41 2618
238.09 2641
238.8 2703
239.48 2775
245.88 265
252.28 225
257.12 248
262.81 4879
263.52 4890
265.59 5137
267.67 5162
269.06 5127
270.45 5130
273.94 5162
275.33 5150
277.41 4817
278.11 4817
281.58 5167
282.28 5187
282.97 5221
283.67 5276
284.36 5268
285.06 5286
300.92 5967
301.61 6067
302.31 6105
303 6209
303.7 6265
304.39 6302
305.09 6378
305.78 6425
310.08 4172
310.77 4135
314.12 7079
356.12 7141
356.8 7160
357.47 7018
358.14 7184
358.81 7088
359.48 7069
0.2 7122
14.97 11790
15.67 11790
21.33 12832
43.95 6452
44.66 6516
45.38 6413
50.31 5901
52.44 5917
53.27 5884
53.98 5839
54.56 5810
55.39 5762
55.97 5794
56.81 5685
57.52 5797
62.47 5518
70.25 5507
70.95 5507
71.67 5507
72.38 5507
74.5 5527
75.92 5539
79.47 4713
86.56 4895
91.53 4975
99.62 277
100.8 280
104.02 175
104.72 176
105.02 236
106.17 221
107.84 219
108.27 219
109.14 219
109.67 220
111.09 215
111.27 216
111.8 211
118.39 1630
128.23 287
134.42 360
139.44 283
140.77 278
146.88 331
147.97 327
152.67 393
156.67 483
157.39 481
158.36 476
159.06 475
159.78 474
160.5 474
161.08 471
161.92 468
162.64 464
163.22 463
163.94 462
164.78 461
165.48 461
166.33 458
167.05 456
167.77 457
168.47 454
168.94 452
169.91 452
170.48 452
171.2 451
172.17 450
172.64 450
173.59 450
174.06 450
175.03 449
175.48 449
176.08 446
176.92 447
177.77 448
178.56 540
178.59 432
179.53 482
181.33 449
181.92 447
182.77 449
183.22 449
184.06 450
184.66 451
185.61 451
186.08 451
187.05 451
187.89 453
188.34 454
189.19 453
189.78 455
190.62 457
191.09 458
191.94 459
192.66 462
193.5 462
194.22 463
194.7 464
195.55 467
196.14 468
196.98 466
197.58 467
198.31 461
199.16 475
199.75 481
202.05 485
202.64 490
207.12 375
209.53 345
210.12 345
211.11 345
211.83 347
214.56 2480
215.3 2465
215.72 287
216.56 287
221.7 292
223.05 295
226.72 2977
227.44 3040
228.16 3050
228.95 279
234.78 2650
235.5 2624
236.23 2590
236.95 2603
237.67 2630
238.41 2674
239.12 2738
239.73 2803
248.12 260
251.67 234
252.95 258
255.38 248
256.22 252
262.81 4901
263.55 4963
264.27 5125
267.91 5162
271.55 5080
272.27 5122
273 5135
277.36 4843
278.09 4821
279.55 5162
281.73 5185
282.45 5187
283.19 5242
283.91 5265
284.64 5297
285.36 5281
301.22 5981
302.67 6213
303.41 6220
304.12 6265
304.86 6317
305.58 6409
310.08 4171
310.81 4135
313.59 6948
356.03 7126
356.73 7170
357.42 7032
358.12 7175
358.81 7093
359.52 7093
0.25 7131
14.17 11790
14.91 11790
15.64 11790
21.52 12817
45.03 6714
50.17 5897
51.03 5920
51.64 5897
52.38 5937
53.12 5894
53.98 5839
54.72 5778
55.33 5753
56.19 5694
56.92 5765
57.53 5819
62.81 5507
63.55 5507
68.72 5507
69.45 5507
70.92 5507
71.66 5507
75.34 5530
76.08 5533
79.03 4736
79.77 4700
100 277
100.98 277
104.22 175
104.95 177
108.62 219
109.38 220
110.11 219
110.84 218
111.08 211
112.31 213
118.59 1649
128.02 285
128.12 294
134.62 362
138.95 282
140.44 285
147.2 334
152.62 386
157.05 486
157.67 478
158.66 479
159.14 475
160.02 471
160.62 472
161.73 471
162.36 471
162.97 464
163.72 463
164.7 464
165.31 459
165.94 459
166.8 458
167.53 456
168.41 455
169.02 454
169.89 452
170.5 451
171.23 452
171.98 450
172.84 449
173.7 449
174.45 451
175.06 450
175.94 449
176.42 447
177.28 448
178.16 447
178.77 440
180.86 449
181.86 448
182.47 449
183.22 450
183.97 449
184.58 450
185.45 450
186.33 450
186.94 451
187.81 454
188.31 453
189.17 454
189.67 457
190.42 456
191.28 458
192.03 460
192.78 461
193.53 461
194.02 465
194.77 467
195.64 468
196.5 470
197.12 457
198 471
198.48 466
199.36 477
200.11 485
202.47 488
209.81 346
210.44 346
211.19 346
211.55 347
214.78 2485
215.3 288
217.05 287
221.41 290
222.64 294
227.36 3027
228.11 3052
228.12 282
229.62 279
234.98 2632
235.73 2600
236.48 2606
237.23 2619
237.98 2638
238.73 2688
239.47 2772
248.47 260
253.34 254
255.59 248
255.97 253
263.98 4972
266.23 5155
266.98 5142
268.48 5162
269.23 5155
271.48 5140
272.23 5130
274.5 5162
277.5 4789
278.25 4806
279 5110
279.75 5066
280.5 5125
281.25 5167
282 5182
282.75 5200
283.5 5239
284.25 5257
285 5289
302.89 6235
303.64 6250
304.39 6298
305.14 6363
305.89 6448
309.77 4204
311.28 4138
355.86 7117
356.58 7155
357.31 7112
358.05 7083
358.78 7093
359.52 7055
0.09 7126
15.23 11882
15.98 11790
21.3 12863
41.8 6885
44.84 6528
45.61 6351
50.17 5901
50.92 5937
52.58 5907
53.33 5907
54.09 5835
54.86 5781
55.61 5750
56.38 5709
57.14 5904
57.77 5868
70.08 5510
70.83 5507
72.36 5513
73.88 5521
76.16 5541
76.92 5527
79.2 4772
92.92 5005
99.19 278
100.97 283
104.23 175
105 177
108.8 219
109.08 219
109.44 220
111.09 217
111.86 211
112.61 217
118.56 1646
128.27 285
140.34 283
140.36 279
147.39 334
151.88 389
157.5 484
158.27 476
158.91 473
159.8 474
160.81 471
161.58 470
162.22 467
163.11 465
163.62 465
164.52 464
165.16 459
166.05 459
166.94 458
167.45 457
168.34 454
169.23 454
170.12 455
170.89 452
171.53 452
172.42 451
172.94 450
173.58 449
174.59 448
175.23 448
176.12 449
176.89 448
177.41 448
178.44 598
178.55 429
179.45 484
181.36 448
182.25 448
183.02 450
183.53 449
184.44 450
185.08 450
186.09 452
186.75 453
187.64 454
188.41 453
188.94 453
189.83 456
190.61 457
191.25 457
192.02 460
192.92 461
193.69 465
194.33 466
194.98 468
196 468
196.66 471
197.42 463
198.19 463
198.97 474
199.73 480
202.17 481
202.83 493
207.17 386
209.22 349
210.12 345
211.14 345
211.78 350
215 2472
215.62 287
216.91 287
220.05 361
221.56 291
222.47 295
227.23 3015
228 283
228.02 3053
229.64 282
234.2 3599
235.11 2630
235.88 2590
236.66 2616
237.44 2611
238.2 2660
238.98 2725
239.75 2786
250.94 223
254.97 248
263.58 4906
267.47 5140
268.25 5130
269.02 5132
277.58 4759
278.36 4789
279.14 5110
279.92 5117
280.7 5155
281.47 5162
282.25 5187
283.03 5193
283.8 5242
284.58 5292
285.36 5297
301.67 5940
302.33 6046
303.09 6202
303.88 6268
304.66 6298
305.44 6378
306.2 6401
311.02 4154
355.56 7079
356.31 7131
357.08 7165
357.83 7055
358.59 7339
359.34 7117
14.88 11790
15.66 11790
21.16 12974
44.72 6500
45.52 6355
50.22 5897
51.14 5920
52.58 5891
53.5 5887
54.16 5810
55.06 5791
55.73 5759
56.64 5679
57.42 5800
62.92 5507
70 5513
70.8 5507
72.36 5515
74.73 5544
76.3 5553
79.45 4746
88.91 4949
90.48 4963
99.8 277
100.2 277
101.12 283
104.28 175
105.06 178
108.23 219
109.78 220
110.56 218
111.34 214
112.12 212
118.61 1643
127.69 285
134.19 359
140.16 284
140.25 280
147.28 336
152.05 389
157.09 483
157.62 480
158.67 479
159.22 475
160.25 471
161.05 470
161.72 468
162.75 467
163.3 465
164.08 460
165.12 460
165.67 459
166.58 458
167.38 456
168.17 456
169.08 454
169.88 454
170.53 452
171.45 452
172.25 450
172.91 450
173.58 449
174.62 448
175.53 448
176.06 450
176.86 447
177.64 447
178.72 551
178.81 432
179.77 489
181.7 448
182.25 449
183.16 450
184.08 450
184.98 451
185.78 451
186.56 452
186.98 454
188.02 453
188.67 452
189.47 455
190.38 456
190.92 458
191.95 460
192.5 461
193.28 463
193.94 465
194.98 466
195.77 469
196.44 469
197.34 459
198.27 461
198.67 472
199.47 477
202.66 489
209.73 344
210.28 345
210.95 346
212.12 351
214.64 2484
215.44 2467
215.78 288
215.83 288
221.95 294
222.16 289
227.28 3040
228.08 3046
228.17 282
228.59 282
234.58 2678
235.38 2640
236.17 2603
236.97 2612
237.77 2634
238.56 2683
239.36 2750
247.67 260
252.19 225
252.86 378
253.83 245
263.06 4863
263.86 4982
264.66 5122
267.86 5142
268.66 5135
277.45 4830
278.25 4806
279.05 5092
279.86 5125
280.66 5155
281.45 5160
282.25 5200
283.06 5242
283.86 5281
284.66 5289
302.28 5920
302.95 6209
303.75 6250
304.56 6279
305.36 6370
306.16 6448
311.09 4089
356.06 7126
356.84 7160
357.62 7079
358.41 7184
359.19 7069
359.98 7160
0.61 7150
15.09 11790
15.91 11790
21.53 12832
44.88 6548
45.69 6363
50.52 5897
52.14 5897
52.94 5901
53.75 5848
54.69 5813
55.48 5765
56.17 5719
56.97 5861
57.78 5852
62.75 5507
70 5507
70.81 5507
74.84 5507
75.66 5507
76.45 5539
77.27 5530
78.88 4772
79.69 4725
82.11 5585
93.41 4954
99.83 276
100.14 277
100.69 279
104.12 175
104.92 177
108.83 219
108.88 219
110.56 218
111.61 214
112.17 212
118.86 1666
127.89 285
128.45 289
139.86 280
140.8 284
146.69 332
147.61 330
152.64 391
157.44 486
158.12 478
158.89 210
159.05 475
159.98 474
160.67 473
161.61 470
163.09 464
164.03 462
164.84 461
165.53 460
166.33 458
167.52 456
168.2 456
168.89 453
169.58 453
170.38 452
171.31 452
172 451
172.81 450
173.88 448
174.55 449
175.36 448
176.17 448
177.22 447
177.66 448
178.72 438
181.02 449
181.83 448
182.62 449
183.31 449
184.25 451
185.19 450
185.73 451
186.92 451
187.61 453
188.28 454
189.34 455
190.03 456
190.84 458
191.64 458
192.33 460
193.02 461
193.69 462
194.75 464
195.69 469
196.38 470
197.05 459
197.98 474
198.55 469
199.48 478
201.8 487
202.61 489
209.45 344
210.39 346
211.33 347
215.17 1763
215.84 286
216.78 286
219.94 359
222.5 291
222.94 294
227.05 3015
227.86 3047
229.28 282
234.39 3599
235.33 2635
236.16 2600
236.97 2615
237.78 2636
238.59 2683
239.42 2758
247.94 261
252.38 226
252.83 252
256.09 256
257.53 247
263.7 4961
275.19 5162
277.64 4791
278.45 4795
279.27 5130
280.09 5142
281.72 5195
282.55 5203
283.36 5270
284.17 5278
285 5307
285.81 5284
301.23 5977
302.05 5944
302.86 6246
303.69 6253
304.5 6287
305.31 6378
306.14 6460
311.17 4121
356.59 7131
357.39 7112
358.2 6980
359 7098
359.81 7165
0.09 7150
14.89 11790
15.7 11790
21.47 12786
44.5 6609
45.33 6540
50.27 5901
51.09 5901
51.91 5897
52.73 5891
53.56 5861
54.5 5813
55.2 5759
56.03 5810
56.84 5784
57.67 5874
62.73 5507
63.56 5507
69.33 5507
70.14 5507
70.97 5507
71.8 5507
74.27 5510
75.09 5556
75.91 5524
79.2 4772
99.52 269
99.84 277
101.17 277
103.98 175
104.81 176
107.8 219
109.75 219
110.56 218
111.39 213
112.2 212
118.47 1629
128.03 287
138.92 283
139.62 285
146.67 338
147.36 326
157.53 481
158.36 479
159.31 475
160 472
160.17 212
161.2 469
161.91 466
162.61 466
163.44 462
164.27 462
165.08 459
165.91 459
166.98 457
167.69 457
168.39 455
169.22 454
170.3 453
170.86 452
171.81 451
172.52 451
173.47 450
174.17 450
175.38 449
176.06 448
176.89 448
177.59 448
178.8 433
181.03 449
181.97 448
182.67 449
183.38 449
184.08 451
184.91 451
185.86 451
186.81 451
187.52 454
188.47 454
189.17 455
190 456
190.95 459
191.53 459
192.36 460
193.19 462
193.89 463
194.97 465
195.8 470
196.5 469
197.58 459
198.16 464
198.86 473
199.81 479
202.17 488
207.44 374
210.05 347
210.88 345
211.95 349
214.97 1716
216.03 289
219.62 361
222.2 289
222.55 295
227.05 3005
227.88 3044
228.84 282
234.52 3599
235.48 2641
236.31 2603
237.14 2612
237.97 2637
238.8 2691
239.64 2775
253.7 259
253.91 269
256.95 251
269.34 5162
277.69 4798
278.52 4826
281.84 5177
282.69 5216
283.52 5260
284.36 5299
285.19 5292
286.02 5310
300.84 5961
301.67 6049
302.5 6198
303.33 6224
304.16 6261
304.98 6363
305.83 6409
310.09 4159
355.97 7141
356.8 7141
357.62 7050
358.44 7592
359.27 7093
14.92 11790
15.77 11790
45.12 6731
50.16 5901
51 5901
51.83 5897
52.67 5911
53.52 5878
54.48 5803
55.19 5775
56.16 5778
56.88 5865
57.72 5848
62.88 5507
69.61 5507
70.45 5507
72.12 5507
72.97 5527
74.66 5515
75.5 5521
79.7 4740
88.94 4952
101.14 276
103.98 175
104.83 176
108.36 220
109.02 219
110.7 218
111.53 212
112.38 213
113.61 256
118.92 1664
127.5 284
127.97 283
139.25 283
140.59 285
146.67 330
147.64 333
152.08 386
157.36 483
157.95 481
158.8 476
159.77 474
160.61 472
161.33 470
162.42 469
163.27 466
164.23 463
165.08 460
165.8 460
166.77 458
167.73 456
168.45 455
169.16 454
169.88 454
170.97 452
171.94 451
172.53 451
173.38 449
174.2 449
175.3 447
176.14 448
176.98 447
177.7 447
178.62 563
178.8 430
179.84 491
181.66 449
182.62 449
183.47 449
184.31 450
185.14 451
185.86 451
186.83 454
187.67 454
188.52 454
189.36 453
190.06 456
190.91 459
191.88 460
192.72 461
193.44 462
194.28 465
195.38 465
196.22 468
197.8 468
198.52 464
199.25 475
202.89 489
209.84 344
211.06 345
211.67 349
214.97 1714
216.31 287
220.05 356
222.02 290
222.62 295
227.34 3021
228.2 3044
229.2 283
234.16 3602
235.12 2635
235.98 2600
236.83 2616
237.69 2621
238.53 2678
239.39 2749
255.58 251
263.83 4961
265.53 5150
268.08 5125
268.94 5127
269.78 5145
270.64 5140
271.48 5132
272.34 5140
277.45 4832
278.31 4835
279.16 5117
280.02 5135
281.72 5170
282.58 5226
283.42 5262
284.28 5284
285.14 5305
301.23 5988
302.2 5950
302.94 6235
303.78 6265
304.64 6291
305.5 6378
306.34 6366
356.56 7136
357.39 7117
358.22 6876
359.05 7083
359.88 7141
0.12 7117
15.53 11790
21.53 12848
43.88 6468
44.73 6532
45.59 6393
50.75 5901
51.59 5901
52.45 5937
53.31 5901
54.3 5803
55.16 5781
56.02 5778
56.75 5753
57.73 5803
62.88 5507
70.59 5536
72.31 5518
74.89 5524
75.75 5527
79.19 4763
101.14 277
103.88 175
104.73 175
107.66 220
109.75 218
109.89 220
111.61 211
112.47 214
127.72 289
134.67 360
140.34 284
147.22 330
152 391
157.53 481
158.52 477
159.25 473
160.11 472
160.97 470
161.83 469
162.81 466
163.81 466
164.42 463
165.53 460
166.14 460
167.25 458
167.98 456
168.97 455
169.95 452
170.56 452
171.55 452
172.16 450
173.14 450
174 450
174.86 449
175.72 448
176.7 448
177.58 448
178.17 627
178.69 431
179.78 488
182.73 450
183.34 450
184.45 450
185.06 450
186.17 452
186.91 452
187.89 454
188.75 456
189.36 457
190.34 456
191.34 457
192.08 460
192.94 461
193.94 461
194.55 465
195.55 466
196.28 469
197.14 459
198.88 471
199.88 478
202.22 487
207.42 383
209.66 347
210.39 346
211.5 347
214.81 1761
215.59 288
216.7 288
221.41 289
222.77 295
228.3 3042
234.36 3583
235.36 2635
236.22 2603
237.09 2619
237.95 2643
238.83 2694
239.69 2775
253.5 248
255.23 247
257.09 257
262.89 4949
263.75 4935
267.23 5162
269.83 5147
271.58 5150
272.44 5127
276.78 5162
277.66 4802
278.53 4857
282 5167
282.88 5236
283.73 5249
284.61 5294
301 5947
301.86 6046
302.73 6198
303.61 6217
304.47 6306
305.34 6382
306.22 6460
356.69 7141
357.55 7146
358.41 6948
359.27 7069
0.08 7165
14.89 11896
15.77 11790
20.98 13216
41.98 6885
44.61 6552
45.48 6460
50.73 5901
52.59 5930
53.34 5901
54.22 5819
55.22 5772
56.09 5787
56.83 5734
57.83 5835
63.06 5501
69.17 5504
70.05 5504
70.92 5504
71.8 5504
72.67 5501
74.41 5507
76.16 5536
79.64 4755
86.62 4886
103.73 174
104.61 175
107.97 219
109.84 220
110.97 218
111.59 212
112.47 214
118.67 1643
127.16 279
128.66 289
139.75 280
140.61 283
147.61 332
152.22 387
157.45 481
158.45 478
159.08 474
159.95 472
161.2 470
162.08 468
162.58 465
163.7 465
164.58 461
165.45 461
166.45 460
167.2 459
168.2 456
168.83 454
169.7 452
170.7 451
171.7 451
172.58 451
173.45 450
174.08 449
175.33 450
176.2 448
176.7 448
177.95 448
178.7 437
179.58 450
180.58 450
181.33 448
182.33 447
183.2 450
184.08 450
184.83 451
185.83 452
186.45 452
187.33 451
188.33 454
189.08 454
189.83 456
190.83 458
191.83 460
192.7 460
193.58 462
194.2 465
195.2 468
196.09 467
197.09 465
197.84 468
198.73 465
199.61 476
201.88 487
207.41 381
210.42 346
211.44 348
214.86 1776
215.95 288
216.97 287
219.98 359
221.88 289
222.88 294
227.69 3040
228.28 282
229.67 282
234.86 2651
235.73 2614
236.61 2619
237.5 2621
238.38 2663
239.25 2743
247.53 260
251.42 225
255.72 251
255.95 250
263.73 4935
266.39 5162
268.16 5160
269.03 5142
269.92 5160
270.81 5150
277 5162
277.88 4815
279.64 5162
280.53 5162
281.41 5155
282.3 5193
283.17 5229
284.06 5244
284.94 5289
301.72 5930
302.47 6070
303.36 6231
304.23 6265
305.11 6355
306 6440
311.41 4135
356.59 7136
357.47 7175
358.34 6948
359.2 7098
0.62 7126
15.69 11790
21 13233
44.05 6444
44.94 6532
50.25 5901
51.14 5901
52.03 5901
52.92 5897
53.92 5842
54.81 5791
55.7 5750
56.59 5669
57.47 5829
62.78 5507
63.67 5507
70.77 5521
74.3 5530
75.19 5553
76.08 5571
76.95 5556
79.61 4734
101.42 277
103.94 176
104.83 176
109.02 219
109.25 219
109.64 218
111.91 211
127.86 289
139.75 280
140.88 284
147.22 336
152.05 388
157.62 481
158.39 480
159.27 474
160.28 471
161.3 469
162.19 467
163.06 464
164.08 463
164.72 461
165.73 460
166.61 458
167.5 456
168.39 455
169.41 455
170.03 454
170.92 453
172.06 451
173.08 451
173.7 448
174.59 450
175.73 448
176.61 447
177.38 447
178.14 447
181.05 449
181.69 449
182.69 449
183.45 449
184.47 450
185.11 451
186.36 450
187.25 453
187.77 452
188.64 453
189.53 455
190.55 456
191.31 458
192.19 460
193.08 460
194.09 463
194.72 466
195.73 469
196.62 470
197.52 465
198.39 462
199.28 477
200.05 487
202.59 492
207.3 378
209.22 349
210.23 346
211.39 346
214.92 1779
215.72 288
216.23 288
219.84 356
221.73 291
223.12 295
227.09 3011
227.98 3043
228.12 282
229.78 281
234.23 3600
235.25 2635
236.14 2614
237.05 2617
237.94 2642
238.83 2700
239.72 2782
247.16 260
250.83 234
252.89 254
255.81 251
268.98 5155
270.78 5132
271.67 5120
275.25 5162
277.05 5162
277.94 4808
278.84 5127
279.73 5115
280.62 5160
281.53 5180
282.42 5216
283.31 5226
284.22 5276
285.11 5265
301.03 5964
301.92 5994
302.81 6213
303.72 6257
304.61 6291
305.5 6382
310.08 4184
310.97 4158
356.22 7117
357.09 7165
357.98 7146
358.86 7074
359.75 7107
0.03 7131
15.22 11790
16.12 11790
21.53 12989
44.91 6532
50.3 5901
51.19 5901
52.09 5897
52.98 5891
54 5839
54.91 5781
55.8 5765
56.58 5691
57.59 5800
70.16 5507
71.06 5507
71.95 5507
72.86 5507
79.14 4729
93.52 4987
99.67 276
100.81 277
104.61 175
109.09 219
109.48 220
109.52 218
111.78 211
112.67 215
127.86 290
140.48 281
141.38 279
146.78 332
156.91 486
157.94 478
158.95 475
159.98 474
160.88 470
161.53 470
162.44 467
163.45 465
164.36 461
165.5 460
166.28 458
167.06 458
168.2 456
168.98 454
169.88 453
171.03 452
171.81 452
172.58 451
173.36 450
174.38 450
175.41 448
176.31 449
177.08 448
178.11 447
179.12 442
179.78 477
181.7 449
182.73 449
183.38 449
184.28 450
185.19 450
186.08 452
187.11 452
187.89 453
188.91 455
189.69 454
190.59 456
191.62 458
192.39 460
193.3 460
193.95 462
195.09 466
196.91 471
197.69 467
198.7 464
199.36 476
200.88 164
202.31 488
207.58 383
210 347
210.91 346
211.44 347
215.27 1784
216.55 289
222.48 294
227.52 3034
228.42 3049
229.3 281
234.86 2650
235.77 2602
236.67 2616
237.56 2626
238.47 2672
239.38 2752
252.89 249
256.72 249
256.88 260
263.53 4968
265.34 5152
266.25 5155
268.06 5150
268.97 5155
269.86 5140
272.58 5150
277.11 5162
278.02 4815
279.83 5092
280.73 5157
281.64 5185
282.55 5205
283.45 5255
284.34 5294
285.25 5292
302.31 5977
303.22 6206
304.12 6257
305.03 6325
305.92 6440
311.47 4135
314.05 6985
356.47 7126
357.36 7155
358.25 6976
359.14 7083
0.05 7180
45.36 6564
50.8 5901
51.7 5901
52.61 5944
53.53 5878
54.55 5787
55.45 5750
56.36 5682
57.27 5907
58.05 5861
62.7 5507
70.86 5507
72.67 5507
73.58 5518
79.02 4881
79.92 4667
100.27 276
100.8 277
104.61 175
105.03 237
107.59 219
108.12 219
108.66 219
110.94 218
111.34 211
127.8 283
128.45 288
139.7 284
147.34 336
152.03 388
157.88 488
158.64 478
159.67 472
159.78 211
160.45 474
161.23 471
162.52 468
163.17 466
164.33 465
165.23 459
166.02 460
166.92 457
167.7 457
168.73 455
169.89 453
170.55 452
171.45 452
172.48 450
173.5 448
174.16 449
175.19 449
175.97 449
176.75 447
177.91 448
178.8 439
179.45 461
180.48 449
181.64 448
182.55 449
183.33 449
184.34 451
184.88 451
185.91 450
186.81 452
187.84 452
188.75 453
189.66 455
190.42 456
191.2 458
192.23 460
193.02 462
194.05 462
194.83 466
195.72 468
196.75 470
197.41 465
198.44 462
199.22 478
202.19 484
207.39 382
209.59 346
210.88 345
211.17 349
215.83 290
221.69 291
222.59 294
227.78 3050
227.95 282
229 282
235.19 2635
236.09 2617
237.02 2617
237.92 2641
238.83 2702
239.75 2778
247.48 260
252.45 235
252.81 258
263.2 4897
268.69 5140
269.59 5140
273.25 5160
274.16 5150
277.81 4802
279.64 5162
280.56 5155
281.47 5170
282.39 5182
283.3 5249
284.22 5281
285.12 5276
302.28 5944
303.19 6231
304.09 6291
305 6309
305.92 6452
356.42 7136
357.33 7175
358.23 7136
359.14 7074
0.58 7126
15.16 11790
16.06 11790
21.55 12801
50.81 5901
51.73 5897
52.64 5934
53.56 5891
54.59 5800
55.52 5768
56.3 5719
57.22 5868
58.25 5884
62.83 5510
69.22 5507
70.14 5507
71.05 5507
71.97 5507
73.78 5518
74.7 5521
75.61 5533
76.53 5536
79.27 4768
99.66 278
100.58 277
104.11 175
105.03 176
107.44 219
108.72 220
110.5 219
111.42 214
112.33 212
128.44 289
140.17 283
147.02 335
152.23 386
157.75 486
158.67 478
159.58 474
160.38 474
161.41 471
162.33 467
163.48 465
164.14 464
165.06 462
166.09 460
167.02 457
168.05 455
168.83 454
169.75 454
170.78 452
171.58 451
172.61 450
173.39 449
174.44 450
175.34 449
176.39 449
177.05 448
177.95 448
179.12 441
179.78 474
180.7 450
181.73 449
182.52 450
183.56 448
184.34 450
185.39 450
186.17 450
187.2 452
187.88 453
189.03 453
189.95 456
190.61 459
191.53 459
192.31 461
193.23 462
194.41 464
195.33 467
196.38 469
197.16 466
197.95 474
198.88 471
199.67 478
202.3 489
210.23 346
210.78 347
212.08 353
215 1816
216.08 287
216.88 285
220.47 356
222.27 291
227.48 3036
228.41 3051
228.44 283
234.97 2644
235.88 2611
236.8 2617
237.72 2636
238.64 2686
239.55 2762
252.31 232
252.7 256
253.16 381
258.08 251
263.22 4906
270.58 5147
273.34 5150
277.94 4813
279.78 5068
280.7 5152
281.61 5175
282.53 5211
283.45 5252
284.38 5273
285.28 5289
301.69 6067
302.61 6180
303.52 6235
304.44 6287
305.36 6363
306.28 6456
310.98 4135
315.45 7511
356.94 7146
357.84 7055
358.77 7160
359.67 7112
0.38 7126
15.09 11790
16.02 11790
21.55 13037
44.58 6597
45.5 6468
51.16 5907
51.95 5901
53 5907
53.92 5839
54.83 5800
55.62 5753
56.67 5703
57.59 5829
69.56 5507
70.47 5507
74.16 5507
75.08 5527
75.98 5527
79.67 4738
93.47 4984
99.25 276
104.62 175
109.22 220
110.12 219
111.05 217
111.09 212
118.72 1649
127.56 286
139.61 281
140.66 277
147.36 333
151.88 386
157.67 485
158.47 478
159.62 473
160.42 474
161.34 471
162.39 469
163.17 466
164.22 465
165.27 459
165.94 460
166.84 458
167.89 457
168.94 455
169.98 453
170.64 452
171.56 452
172.48 451
173.53 450
174.19 450
175.36 449
176.03 449
177.08 448
178.11 448
179.16 442
179.58 476
180.75 449
181.66 448
182.58 449
183.38 448
184.55 450
185.47 450
186.52 450
187.31 453
188.11 454
188.91 455
190.08 456
191 459
191.92 460
192.72 460
193.52 462
194.44 464
195.61 466
196.41 470
197.33 458
198 470
198.94 474
199.98 480
202.5 492
207.44 376
209.53 353
210.2 346
211.25 346
215.27 1806
215.7 289
221.48 289
222.66 293
227.81 3039
229.36 282
235.31 2633
236.23 2614
237.16 2618
238.08 2649
239 2718
239.92 2791
248.58 260
254.06 245
255.33 247
257.64 257
266.45 5142
267.38 5135
269.22 5147
272 5160
277.55 4857
278.47 4798
282.17 5187
283.09 5229
284.02 5281
284.95 5270
302.39 6005
303.31 6239
304.23 6265
305.16 6313
306.08 6421
356.7 7131
357.62 7064
358.55 7150
359.45 7126
0.5 7083
16.23 11790
44.98 6552
50.69 5887
51.48 5901
52.42 5927
53.34 5871
54.28 5810
55.33 5772
56.27 5697
57.19 5887
58 5865
62.77 5504
63.69 5501
70.19 5501
71.11 5501
72.05 5501
73.89 5515
75.75 5507
76.69 5521
79.47 4757
99.31 275
104.59 175
105.95 237
108.31 219
108.98 220
110.17 219
111.09 217
112.02 211
118.94 1668
128.31 289
140.36 284
152.27 394
157.22 486
158.41 478
159.33 476
160.14 472
161.06 470
162 468
163.05 464
163.98 464
164.92 462
165.72 461
166.91 458
167.58 457
168.77 455
169.69 454
170.62 452
171.67 451
172.36 451
173.55 449
174.34 450
175.16 450
176.33 449
177.14 448
177.94 448
179.12 441
179.81 472
180.73 449
181.8 449
182.48 450
183.78 449
184.59 451
185.53 451
186.45 451
187.27 453
188.45 454
189.12 456
190.31 456
191 459
192.05 460
192.86 461
193.67 462
194.61 465
195.78 467
196.59 469
197.41 459
198.58 465
199.39 477
200.08 481
201.94 486
202.75 498
207.34 382
209.59 346
210.66 345
211.7 348
214.77 1816
215.95 288
221.56 290
222.38 294
227.48 3034
228.42 3047
228.73 283
235.09 2635
236.03 2603
236.97 2611
237.89 2640
238.83 2688
239.77 2780
248.83 260
251.88 225
255.31 248
257.38 256
263.84 4987
266.66 5150
267.59 5142
269.47 5145
272.28 5130
274.16 5142
277.91 4806
278.84 5135
279.78 5117
280.72 5167
281.66 5170
282.59 5200
283.53 5252
284.47 5286
285.41 5286
301.22 5988
302.28 5950
303.09 6228
304.03 6272
304.95 6336
305.89 6444
356.81 7117
357.73 7102
358.66 7112
359.58 7098
0.09 7117
15.11 11790
16.05 11790
21.69 13249
45.19 6601
50.95 5907
51.77 5901
52.7 5934
53.64 5852
54.7 5803
55.64 5762
56.59 5715
57.41 5845
68.8 5507
69.73 5507
70.67 5507
73.48 5507
75.36 5539
76.3 5536
79.12 4768
80.06 4661
99.14 274
100.64 282
100.7 277
104.45 175
105.39 179
105.83 233
108.2 219
109.14 219
110.08 219
111.02 218
111.95 211
127.69 291
139.67 282
140.61 284
146.73 332
152.11 383
157.81 486
159 475
159.69 472
160.5 471
161.7 469
162.39 466
163.45 466
164.52 462
165.45 461
166.39 458
167.45 458
168.16 456
169.22 452
170.16 454
170.97 453
172.16 451
172.97 450
173.8 449
174.98 449
175.8 447
176.73 448
177.8 448
178.61 434
179.69 448
181.44 449
182.39 449
183.33 451
184.14 450
185.47 452
186.03 451
187.36 452
188.05 453
189.23 454
190.06 456
190.75 459
191.69 460
192.89 462
193.83 462
194.78 464
195.47 467
196.41 469
197.36 460
198.42 470
199.36 476
200.06 485
202.08 486
202.89 489
207.41 383
210.05 346
210.62 345
211.44 348
214.92 1820
215.14 288
217.09 287
220.44 356
222.38 291
234.48 2683
235.44 2632
236.38 2618
237.33 2619
238.27 2664
239.22 2734
240.16 2828
252.59 253
256.94 252
263.55 4961
268.27 5167
273 5160
273.95 5150
277.73 4789
279.62 5162
280.58 5160
281.52 5172
282.47 5187
283.42 5257
284.36 5286
285.31 5299
301.27 5967
302.22 5944
303.16 6202
304.11 6253
305.05 6325
305.98 6440
309.89 4195
356.34 7126
357.28 7175
358.22 7141
359.16 7064
0.7 7180
15.88 11790
21.56 12958
45.27 6762
51.09 5904
51.91 5901
52.86 5917
53.81 5858
54.89 5791
55.7 5747
56.78 5675
57.73 5797
70.05 5507
70.98 5518
71.94 5507
75.72 5521
76.67 5539
79.52 4751
88.98 4945
99.39 277
100.59 277
104.03 175
104.97 176
108.75 218
109.58 220
110.64 218
110.72 212
112.53 214
118.75 1648
127.98 289
133.16 297
139.2 287
140.77 285
147.08 332
151.75 384
157.75 486
158.7 477
158.91 211
159.78 474
160.59 472
161.92 469
162.75 466
163.69 464
164.64 464
165.72 461
166.66 458
167.36 456
168.56 455
169.25 455
170.33 454
171.28 453
172.22 451
173.17 449
174.12 450
175.06 449
176.14 448
176.97 447
178.16 448
178.98 438
179.69 473
181.83 449
182.91 448
183.47 449
184.42 450
185.62 450
186.7 452
187.41 452
188.61 454
189.17 453
190.25 455
191.08 459
192.03 460
193.11 459
194.19 461
195.12 465
195.83 469
196.78 469
197.73 466
198.94 465
199.64 478
202.36 489
210.39 347
211.22 346
215.45 1833
215.77 289
221.73 290
223.19 294
227.45 3024
228.16 284
228.41 3044
235.2 2628
236.16 2610
237.11 2615
238.06 2646
239.02 2711
239.84 2794
246.8 259
248.94 260
252.73 378
252.95 249
256.44 250
267.34 5147
269.25 5155
272.11 5150
274.02 5147
274.97 5142
277.83 4791
279.73 5102
280.69 5152
281.64 5187
282.59 5190
283.55 5260
284.5 5294
285.45 5302
302.47 6046
303.42 6253
304.38 6302
305.33 6351
306.28 6444
310.22 4179
311.17 4094
356.92 7150
357.88 7102
358.81 7141
359.77 7122
0.52 7146
21.52 12863
50.19 5901
51.14 5901
52.09 5901
53.05 5897
54.14 5829
55.09 5781
56.05 5772
56.88 5734
57.83 5823
62.73 5507
69.42 5507
70.38 5507
74.2 5527
75.16 5530
76.11 5541
77.06 5565
78.02 5541
78.97 4852
79.92 4729
86.61 4892
99.12 275
101.64 284
104.59 175
104.67 241
105.25 237
107.03 219
109.36 220
110.31 219
111.27 215
112.2 212
127.55 286
140.56 285
147.33 330
152.3 387
157.98 481
158.92 474
159.75 474
159.86 210
160.7 471
161.78 468
162.73 466
163.94 463
164.77 461
165.72 460
166.55 459
167.62 457
168.7 455
169.53 454
170.36 453
171.56 452
172.39 450
173.22 449
174.42 450
175.25 449
176.45 448
177.28 447
178.23 447
179.19 440
179.89 483
181.22 449
181.8 448
183 450
183.7 450
184.66 450
185.86 451
186.69 451
187.77 454
188.59 454
189.55 455
190.62 456
191.34 459
192.3 460
193.12 461
194.34 465
195.3 466
196.12 470
197.09 468
197.92 475
199.12 472
199.84 480
202.72 490
207.67 381
209.72 345
210.92 345
211.75 349
214.97 1823
215.38 289
216.34 287
220.02 359
221.97 291
227.06 2994
228.02 3037
228.94 282
234.86 2652
235.83 2603
236.78 2603
237.73 2635
238.7 2680
239.66 2773
247.41 260
252.72 240
252.92 225
256.09 247
257.44 259
267.27 5162
269.19 5130
270.16 5137
274 5155
275.92 5155
277.84 4811
279.75 5137
280.7 5150
281.67 5172
282.62 5198
283.58 5278
284.55 5297
285.5 5297
301.66 5934
302.62 6202
303.58 6257
304.53 6279
305.5 6363
306.45 6363
311.38 4143
356.7 7150
357.66 7141
358.61 7184
359.56 7112
0.09 7146
15.44 11790
21.22 12910
45.31 6796
51.08 5901
52.05 5901
53 5911
53.97 5848
55.05 5765
55.89 5759
56.97 5768
57.81 5858
62.73 5507
71.39 5507
72.34 5510
73.31 5513
75.23 5521
76.19 5565
79.08 4778
80.03 4686
99.33 276
100.8 277
104.84 175
108.69 219
109.66 220
110.61 218
111.56 213
112.52 214
119.05 1664
128.34 291
139.45 281
141.17 277
147.48 332
152.36 393
157.5 484
158.72 478
159.67 475
160.39 474
161.59 471
162.69 468
163.52 464
164.36 462
165.56 460
166.41 459
167.48 458
168.31 455
169.41 454
170.36 453
171.33 452
172.03 450
173.11 449
174.08 449
175.03 449
176.25 448
176.95 448
178.03 448
179 440
179.7 473
180.92 449
181.75 449
182.83 449
183.8 448
184.62 450
185.84 450
186.67 450
187.5 454
188.34 454
189.3 453
190.27 456
191.34 458
192.3 461
193.39 461
194.22 463
195.19 467
196.27 468
197.23 466
197.94 474
199.03 472
199.88 482
202.78 489
207.52 383
209.83 349
210.66 346
215.02 1823
215.91 288
216.62 286
220.08 358
222.17 293
227.2 3010
228.17 3043
228.72 282
229.81 282
235.05 2630
236.02 2605
236.98 2610
237.95 2637
238.91 2696
239.88 2777
253.16 360
253.47 250
257 253
265.7 5125
267.64 5155
269.58 5155
273.44 5150
276.34 5160
278.28 4808
279.25 5120
280.2 5150
282.14 5182
283.11 5213
284.08 5268
285.05 5315
286.02 5315
302.39 5950
303.23 6220
304.19 6276
305.16 6306
306.12 6472
311.06 4135
356.28 7098
357.23 7175
358.19 7069
359.14 7079
0.08 7141
21.31 12974
45.48 6500
50.33 5901
51.28 5901
52.25 5897
53.22 5897
54.19 5819
55.16 5775
56.23 5791
57.2 5904
58.05 5858
63 5507
68.8 5507
70.73 5507
72.66 5507
79.42 4768
101.19 278
104.28 175
105.23 178
109.09 219
110.06 220
110.39 218
111.98 211
128.03 285
138.97 287
140.19 285
146.89 333
152.3 390
157.22 482
158.17 478
159.27 474
160.23 473
161.33 471
162.03 467
163.12 465
164.09 464
165.06 461
166.27 460
166.98 457
168.2 456
169.05 453
170 453
170.84 452
172.06 451
172.78 450
173.86 448
174.7 449
175.92 447
176.64 448
177.97 447
178.94 435
179.78 451
181.72 448
182.42 450
183.52 450
184.73 450
185.58 450
186.67 451
187.5 453
188.47 453
189.44 453
190.41 456
191.25 458
192.34 459
193.3 461
194.02 462
195.11 465
196.2 467
197.17 467
197.75 470
199.09 469
199.94 480
202.7 491
207.45 381
210.02 347
210.48 346
211.58 350
214.98 1829
215.98 288
216.58 287
220.3 358
221.89 293
227.22 3005
228.19 3038
228.22 282
229.44 285
230.41 280
235.09 2635
236.08 2603
237.03 2612
238 2639
238.97 2701
239.94 2783
248.34 259
252.81 251
255.97 251
263.89 5022
264.86 5122
268.73 5135
269.7 5147
270.67 5142
272.62 5150
275.53 5160
277.48 4806
278.45 4828
281.36 5162
282.34 5172
283.31 5239
284.28 5289
285.25 5284
301.62 5954
302.59 6102
303.56 6228
304.52 6276
305.48 6378
306.45 6355
311.41 4138
356.22 7126
357.19 7165
358.14 7041
359.11 7069
0.55 7126
15.09 11843
16.06 11790
45.17 6762
51 5901
51.97 5901
52.94 5911
53.92 5871
55.02 5791
55.98 5772
56.83 5747
57.8 5848
62.78 5507
63.75 5507
68.59 5507
69.56 5507
70.53 5507
71.5 5507
75.38 5547
76.34 5533
79.27 4759
92.84 5001
100.86 277
104.2 175
105.17 177
109.05 219
109.97 218
110.02 219
111.94 211
127.83 286
139.31 282
140.16 285
147.52 335
152.45 391
157.39 484
158.47 478
159.56 474
160.53 473
161.25 471
162.34 468
163.31 467
164.41 464
165.25 460
166.47 460
167.44 458
168.14 455
169.23 454
170.08 454
171.3 452
172.39 451
173.23 451
174.33 450
175.17 447
176.27 448
176.98 447
177.95 448
178.91 442
179.62 479
181.69 449
182.78 449
183.62 449
184.72 450
185.81 450
186.66 451
187.88 453
188.84 455
189.44 455
190.41 456
191.62 459
192.61 461
193.58 461
194.42 464
195.39 468
196.25 469
197.47 458
198.19 472
199.28 475
200.14 482
202.2 485
209.89 346
211.23 345
211.95 349
215.39 1816
216 288
221.97 289
223.19 294
227.66 3034
228.27 283
234.59 2671
235.56 2622
236.55 2614
237.52 2619
238.48 2666
239.45 2749
252.55 236
253.47 257
255.28 248
256.02 259
263.55 4952
266.47 5162
268.42 5155
271.34 5155
272.31 5162
273.28 5160
277.19 5162
278.16 4826
279.14 5125
280.11 5127
282.05 5200
283.02 5223
283.98 5278
284.97 5294
302.33 5964
303.3 6213
304.27 6276
305.25 6321
306.22 6452
310.23 4169
311.2 4143
356.67 7131
357.64 7083
358.61 7184
359.58 7102
0.64 7141
15.2 11790
16.19 11790
21.05 12633
50.25 5901
51.22 5901
52.33 5907
53.3 5881
54.27 5829
55.25 5768
56.22 5813
57.06 5901
58.05 5861
69.86 5507
70.83 5507
72.78 5507
74.73 5527
75.7 5521
79.59 4755
99.42 275
100.14 277
104.59 175
105.03 238
106.97 220
109.45 220
110.27 214
110.42 219
111.11 213
119.06 1663
128.16 291
139.78 282
146.94 330
151.91 387
158.08 484
159.06 477
159.91 473
159.92 211
161 471
161.97 468
162.95 466
164.05 464
164.89 461
165.98 459
167.09 458
167.81 456
169.03 455
169.75 454
170.98 452
172.08 451
172.67 451
173.77 449
174.73 450
175.83 448
176.8 447
177.77 448
178.98 433
179.7 444
181.64 449
182.48 449
183.45 450
184.42 449
185.39 451
186.61 451
187.58 451
188.17 454
189.14 453
190.36 456
191.2 459
192.05 460
193.14 460
194.23 463
195.08 465
196.17 468
196.77 470
197.98 470
198.95 470
199.67 480
202.7 490
207.38 382
209.7 343
210.94 345
211.91 349
215.14 1822
216.09 288
217.08 288
221.84 288
222.58 294
227.5 3025
228.33 283
228.47 3039
234.45 2680
235.44 2626
236.41 2605
237.39 2617
238.36 2658
239.34 2736
252.45 225
256.08 248
256.42 258
266.44 5147
277.2 5162
278.17 4846
279.16 5107
280.12 5147
281.11 5185
282.09 5187
283.06 5211
284.05 5231
285.03 5278
302.47 6025
303.44 6235
304.42 6283
305.39 6332
306.36 6413
311.36 4169
356.75 7141
357.72 7102
358.69 7199
359.66 7088
21.42 13005
43.91 6452
44.89 6528
50.75 5901
51.86 5907
52.72 5937
53.69 5871
54.8 5803
55.64 5753
56.75 5679
57.61 5810
69.44 5507
70.41 5507
76.27 5541
79.19 4761
99.67 277
100.52 277
104.23 175
105.22 177
109.11 219
110.08 219
111.06 217
112.03 212
118.8 1642
127.53 289
139.33 281
140.81 280
147.72 337
157.89 486
159 477
159.84 474
160.83 472
161.8 470
163.02 466
164 464
164.84 461
165.7 460
166.92 458
168.03 456
168.75 454
169.73 452
170.83 452
171.67 451
172.78 451
173.75 450
174.61 449
175.7 448
176.81 448
177.66 447
178.5 432
179.48 440
181.56 449
182.66 449
183.64 450
184.61 449
185.34 450
186.31 450
187.17 452
188.39 454
189.12 453
190.36 456
191.2 459
192.31 460
193.17 460
194.14 462
195.12 465
196.22 468
196.95 464
198.06 471
198.91 470
199.89 479
202.7 489
207.61 381
210.2 344
211.3 344
211.91 348
215.25 1819
216.09 288
216.81 289
221.45 292
222.06 294
227.61 3035
228.19 284
234.58 2680
235.56 2626
236.55 2610
237.52 2616
238.5 2668
239.48 2749
252.61 225
255.75 248
257.11 260
263.73 4970
273.55 5150
276.5 5162
277.47 4874
278.45 4868
282.36 5190
283.34 5252
284.31 5281
285.3 5255
301.8 6032
302.78 6180
303.75 6246
304.73 6309
305.7 6425
356.98 7165
357.95 7117
358.94 7088
359.91 7122
0.47 7141
15.14 11790
16.12 11790
21.02 13005
45.5 6524
50.41 5911
51.39 5901
52.36 5927
53.34 5927
54.33 5845
55.44 5772
56.41 5706
57.39 5884
70.12 5510
71.11 5507
73.08 5507
76 5533
76.98 5544
79.92 4755
86.77 4908
99.97 277
100.45 277
104.06 175
105.03 176
108.67 220
108.95 218
110.91 218
111.02 211
128.03 287
134.7 359
140.11 280
141.09 281
157.89 481
158.88 478
159.73 474
160.95 473
161.69 469
162.91 466
163.89 464
164.88 462
165.84 461
166.83 458
167.92 458
168.66 456
169.77 454
170.86 451
171.58 452
172.94 451
173.53 449
174.75 450
175.48 448
176.83 447
177.69 447
178.53 433
179.75 440
180.61 450
181.7 449
182.67 450
183.53 449
184.38 451
185.48 451
186.2 451
187.3 453
188.53 453
189.25 455
190.22 455
191.33 458
192.05 460
193.28 461
194.12 462
195.22 466
195.83 469
197.17 460
198.02 472
199 471
199.72 481
202.8 490
207.36 381
209.7 344
210.81 344
212.05 350
215.33 1820
215.5 287
216.36 295
221.42 290
222.91 294
227.75 3040
228.81 284
234.77 2668
235.75 2601
236.72 2607
237.7 2634
238.69 2678
239.67 2755
247.73 262
252.73 388
254.78 245
257.72 250
263.97 4984
264.95 5130
268.89 5160
269.88 5147
270.86 5140
277.75 4793
279.72 5150
280.7 5145
281.69 5172
282.67 5205
283.66 5265
284.64 5270
285.62 5273
301.2 5967
303.16 6228
304.14 6265
305.12 6321
306.11 6421
310.14 4177
311.12 4156
356.56 7131
357.55 7150
358.52 7401
359.5 7098
21.59 13037
45.22 6749
51.12 5901
53.22 5920
54.08 5845
55.19 5772
56.17 5791
57.03 5865
58.02 5865
63.05 5507
69.91 5507
70.89 5507
71.88 5507
75.8 5527
79.72 4763
99.81 277
100.8 277
103.91 175
104.89 175
107.94 218
109.64 218
109.8 219
111.75 211
112.23 215
128.02 286
139.89 280
140.62 279
158.09 481
158.83 476
159.94 474
160.78 471
161.89 470
163 467
163.86 464
165.09 461
166.06 460
166.8 458
168.03 457
168.77 456
169.88 452
170.86 452
171.7 452
172.94 450
174.05 448
174.78 449
175.89 448
176.98 448
177.72 448
178.95 438
179.69 463
180.92 449
181.64 449
182.5 450
183.61 447
184.72 450
185.7 451
186.69 451
187.67 453
188.41 454
189.52 454
190.38 456
191.36 458
192.34 461
193.45 461
194.19 463
195.55 465
196.53 468
197.39 458
198.25 472
199.23 476
200.22 482
202.08 485
210.22 346
211.33 346
214.72 1840
215.77 291
220.08 359
221.81 290
223.05 290
227.16 3004
228.14 3038
228.95 282
235.16 2626
236.14 2599
237.12 2604
238.11 2637
239.09 2700
240.08 2796
252.25 225
253.59 258
256.06 251
256.69 256
271.44 5145
272.42 5145
273.41 5125
278.36 4837
279.34 5132
282.3 5193
283.28 5216
284.27 5278
285.25 5284
301.86 6081
302.84 6213
303.83 6246
304.81 6325
305.8 6440
356.03 7107
357.02 7165
358 7079
358.98 7117
359.97 7141
15.69 11790
21.61 12863
51.2 5901
52.19 5901
53.17 5914
54.28 5842
55.14 5784
56.25 5791
57.12 5901
58.11 5861
70.08 5507
71.06 5507
72.05 5507
76 5515
79.92 4744
99.55 277
100.28 277
104.14 175
105.12 177
109.06 219
110.05 220
111.03 218
111.39 212
118.77 1651
127.92 290
140.08 283
147.2 330
152.48 387
157.41 486
158.27 480
159.5 474
160.48 472
161.59 471
162.45 469
163.44 466
164.55 465
165.53 459
166.52 459
167.25 458
168.36 456
169.22 453
170.58 453
171.44 452
172.3 451
173.3 448
174.14 451
175.25 450
176.23 449
177.34 447
178.33 447
181.27 449
182.25 448
183.11 450
184.09 450
185.08 452
186.05 451
187.03 454
188.02 453
189 454
190.11 456
191.09 458
191.95 460
192.92 462
193.91 462
194.89 465
196 467
196.73 470
197.59 467
198.81 466
199.55 477
202.62 489
207.58 381
209.56 345
210.8 344
211.55 349
215.23 1825
215.39 287
216.52 290
221.34 290
222.72 294
227.77 3034
228.3 284
234.83 2665
235.81 2603
236.8 2605
237.8 2637
238.78 2676
239.77 2758
247.98 262
253.67 250
256.02 252
274.14 5160
277.11 5162
278.09 4817
279.09 5110
280.08 5115
282.06 5180
283.05 5208
284.05 5270
285.03 5276
301.72 5934
302.7 6198
303.69 6224
304.69 6257
305.67 6370
315.53 7511
357 7150
357.97 7064
358.95 7088
359.94 7170
21.61 13086
45.36 6757
50.31 5901
52.3 5901
53.41 5887
54.39 5816
55.27 5784
56.25 5734
57.23 5891
70.23 5507
72.2 5507
75.17 5521
76.17 5541
79.14 4808
92.98 5087
99.84 278
101.2 279
104.44 175
105.42 178
105.78 233
107.38 219
109.23 220
110.33 215
110.34 219
112.31 212
127.31 284
139.66 283
140.39 285
147.41 336
157.86 486
158.84 477
159.7 473
160.7 471
161.69 471
162.67 467
163.78 466
165.02 462
165.75 461
166.73 459
167.86 457
168.72 455
169.83 453
170.94 452
171.67 452
173.03 451
173.78 449
174.77 449
175.62 448
176.61 448
177.72 448
178.95 436
179.81 456
181.8 448
182.66 449
183.77 449
184.62 450
185.86 450
186.48 451
187.72 453
188.45 455
189.44 455
190.42 457
191.41 459
192.53 461
193.52 462
194.39 465
195.38 467
196.25 468
197.61 460
198.36 463
199.47 475
202.33 486
210.52 347
211.64 347
214.95 1845
216.36 289
220.19 358
221.81 293
227.48 3027
228.27 283
228.47 3043
229.12 284
234.42 3578
235.55 2616
236.53 2600
237.53 2605
238.52 2654
239.52 2733
248.73 260
252.81 360
253.2 247
256.42 250
264.08 4922
270.05 5142
274.02 5155
277.98 4793
279.98 5087
281.97 5190
282.95 5216
283.95 5247
284.95 5281
301.66 5914
302.64 6177
303.64 6231
304.62 6287
305.61 6382
356.91 7131
357.89 7046
358.88 7107
359.86 7150
0.05 7141
15.92 11790
45.69 6363
50.66 5901
52.64 5937
53.62 5878
54.75 5791
55.61 5759
56.73 5679
57.72 5813
69.61 5507
70.61 5507
71.59 5507
72.59 5510
73.58 5507
75.56 5533
76.55 5527
79.53 4757
99.12 276
103.84 175
104.83 175
107.67 219
109.78 220
111.02 218
111.75 211
112.75 217
118.72 1642
128.42 289
139.53 282
146.81 331
152.11 388
157.56 486
158.3 480
159.41 474
160.41 472
161.39 470
162.5 470
163.38 466
164.61 463
165.48 459
166.59 458
167.7 456
168.33 457
169.56 454
170.42 454
171.3 452
172.53 450
173.28 448
174.39 449
175.62 448
176.62 448
177.48 448
179.7 562
181.45 449
182.44 448
183.44 451
184.55 450
185.42 452
186.28 451
187.16 452
188.27 454
189.52 453
190.25 456
191.12 459
192.11 460
193.11 461
194.34 462
195.34 465
196.33 468
197.2 465
198.19 473
199.19 473
199.92 480
202.91 496
210.23 345
210.97 346
212.09 353
215.67 1837
216.56 288
222.28 290
223.03 297
227.22 3006
228.22 3035
229.36 284
235.3 2635
236.3 2600
237.28 2604
238.28 2635
239.28 2695
252.48 225
253.22 259
256.33 260
257.45 248
263.88 4968
269.83 5135
271.81 5155
277.78 4811
279.77 5110
280.77 5147
281.77 5170
282.75 5213
283.75 5255
284.73 5249
302.52 6074
303.5 6231
304.5 6302
305.5 6363
306.48 6370
356.08 7122
357.08 7175
358.06 7112
359.06 7098
15.83 11790
45.69 6355
50.66 5901
51.66 5901
52.66 5937
53.64 5897
54.77 5803
55.62 5753
56.75 5685
57.62 5823
62.72 5521
69.67 5507
70.66 5507
71.66 5507
72.66 5510
73.64 5507
74.64 5530
75.62 5536
76.62 5562
79.59 4729
99.61 276
100.36 277
103.97 175
104.97 176
108.8 220
108.94 218
109.92 218
111.92 211
118.75 1646
128.08 290
140.44 284
147 333
152.56 391
157.77 486
158.5 478
159.75 473
160.73 473
161.73 470
162.84 465
163.7 465
164.7 464
165.56 461
166.81 458
167.67 457
168.67 454
169.91 453
170.66 453
171.64 452
172.88 451
173.73 450
174.73 448
175.72 448
176.45 448
177.58 448
178.69 432
179.92 442
180.55 450
181.41 449
182.52 449
183.39 450
184.75 450
185.36 450
186.48 450
187.47 453
188.58 455
189.31 455
190.44 457
191.42 458
192.41 461
193.28 462
194.39 464
195.25 466
196.25 468
197.48 458
198.09 466
199.09 475
200.2 480
202.06 485
210.17 347
211.42 347
214.91 1844
216.28 289
220.14 357
221.89 293
227.5 3032
228.5 3042
228.89 283
229.5 286
234.48 3575
235.59 2607
236.59 2593
237.59 2598
238.59 2651
239.58 2722
247.69 260
252.55 248
252.91 378
257.41 250
263.23 4910
272.2 5162
273.2 5127
277.2 5162
278.2 4815
279.2 5135
280.19 5137
282.19 5187
283.19 5236
284.19 5289
285.19 5307
301.98 6032
302.97 6206
303.97 6272
304.95 6302
305.95 6428
310.05 4195
356.98 7150
357.97 7098
358.97 7093
359.95 7155
0.52 7131
21.41 12942
50.3 5901
52.3 5901
53.28 5914
54.41 5832
55.41 5778
56.41 5697
57.28 5874
69.34 5504
70.34 5501
71.33 5501
74.31 5501
75.31 5544
76.31 5518
79.3 4759
99.34 273
101.08 277
103.69 174
104.69 175
109.64 220
110.5 212
110.62 218
111.98 214
128.2 287
139.98 282
146.81 331
152.14 387
157.34 486
158.45 479
159.45 475
160.45 472
161.44 470
162.42 471
163.42 463
164.41 463
165.53 459
166.52 458
167.38 457
168.5 455
169.61 454
170.61 454
171.59 452
172.45 450
173.33 449
174.44 449
175.56 449
176.55 448
177.66 448
180.64 450
181.62 449
182.61 449
183.23 451
184.59 450
185.47 451
186.58 451
187.44 452
188.19 454
189.17 454
190.3 456
191.28 458
192.41 460
193.27 460
194.39 463
195.14 466
196.27 469
197.12 460
198.38 470
199.12 475
200 482
202.11 481
210.2 346
211.58 346
214.8 1843
216.19 288
220.05 357
222.42 291
227.38 3015
228.27 282
228.38 3045
229.77 285
229.89 284
234.36 3592
235.48 2624
236.48 2594
237.48 2597
238.47 2642
239.47 2700
253.58 245
255.81 250
263.16 4910
271.14 5160
272.14 5142
274.12 5152
275.12 5155
278.12 4804
279.11 5117
280.11 5117
282.11 5177
283.11 5216
284.11 5244
285.11 5284
286.09 5289
301.88 6042
302.88 6206
303.86 6235
304.86 6325
305.86 6393
310.95 4135
356.55 7131
357.53 7160
358.53 7184
359.52 7093
0.48 7131
15.41 11790
16.41 11790
21.38 12942
50.3 5901
52.3 5901
53.28 5914
54.41 5835
55.28 5784
56.27 5740
57.39 5904
64.36 5507
70.33 5507
74.31 5507
75.31 5539
76.31 5536
79.3 4768
98.95 274
103.69 173
104.67 175
109.64 220
110.64 218
110.88 212
111.75 214
127.61 288
134.55 381
139.53 282
147.09 332
152.3 389
157.39 486
158.52 480
159.5 474
160.5 473
161.73 469
162.36 468
163.61 463
164.59 464
165.47 460
166.72 458
167.7 456
168.58 454
169.44 454
170.81 452
171.69 452
172.67 450
173.67 450
174.55 449
175.66 448
176.53 448
177.77 447
178.77 432
179.77 439
181.62 449
182.75 449
183.48 450
184.61 450
185.36 450
186.73 452
187.36 452
188.47 455
189.47 453
190.47 456
191.47 458
192.59 461
193.58 462
194.58 463
195.58 465
196.33 470
197.45 458
198.45 468
199.31 475
200.19 485
202.31 484
210.53 347
211.41 347
215.02 1831
217.03 287
220.52 358
222.02 293
227.61 3046
229.12 283
234.59 3550
235.72 2598
236.72 2592
237.7 2587
238.7 2650
239.7 2728
248.08 260
253.44 250
267.42 5152
271.42 5160
272.42 5150
278.41 4848
279.41 5135
281.39 5162
282.39 5180
283.39 5216
284.39 5268
285.38 5315
301.2 5967
302.2 5924
303.19 6231
304.19 6302
305.19 6321
306.19 6444
310.3 4184
311.3 4163
314.16 7036
356.52 7136
357.5 7165
358.5 7184
359.5 7093
15.91 11829
44.83 6508
50.81 5901
52.81 5947
53.8 5874
54.92 5781
55.8 5759
56.8 5691
57.8 5845
62.91 5507
67.89 5507
69.88 5507
71.88 5507
72.88 5507
75.86 5507
79.84 4751
101.38 277
104.25 175
105.25 178
109.22 219
110.22 219
111.22 217
112.2 212
127.72 285
139.5 280
140.12 283
158.14 481
159.14 476
159.91 211
160.27 472
161.12 470
162.38 469
163.12 466
164.23 464
165.36 460
166.23 459
167.09 459
168.09 456
169.22 454
170.33 453
171.08 453
172.45 451
173.2 451
174.44 450
175.3 449
176.3 449
177.16 448
178.41 447
181.38 449
182.12 447
183.11 451
184.36 450
185.22 452
185.97 451
187.08 453
187.95 452
189.06 455
190.17 456
191.17 458
191.91 459
193.03 461
194.02 461
195.02 466
195.88 468
197 469
197.98 470
198.73 470
199.72 480
202.58 493
207.44 378
209.81 345
211.19 345
212.19 350
216.31 289
221.83 290
222.83 295
227.22 3015
228.22 3033
229.47 282
230.09 277
235.34 2622
236.34 2586
237.34 2592
238.34 2624
239.34 2676
252.58 225
253.58 239
256.08 249
264.06 4942
270.06 5152
274.06 5152
275.06 5152
278.06 4811
279.06 5122
280.06 5132
282.06 5180
283.06 5200
284.06 5294
285.06 5302
301.92 6035
302.92 6206
303.92 6235
304.92 6287
305.91 6421
311.02 4135
356.97 7155
357.97 7098
358.97 7098
359.97 7126
0.62 7141
21.58 13021
45.55 6417
50.55 5901
52.55 5924
53.55 5848
54.67 5797
55.67 5750
56.67 5672
57.67 5800
68.66 5507
69.66 5507
70.64 5507
72.64 5507
73.64 5507
74.64 5536
79.61 4751
90.58 4956
100.44 277
104.06 176
105.06 176
109.03 219
110.03 219
111.03 218
112.02 211
119.08 1669
128.8 292
139 281
140.88 285
147.33 336
158.02 485
159.02 478
159.89 474
161.12 472
162.12 468
163 465
164.25 464
164.98 460
165.98 460
167.22 458
168.22 456
169.2 454
170.33 453
171.2 452
172.31 451
173.31 450
174.05 449
175.3 449
176.05 448
177.03 448
178.03 448
179.27 445
179.89 481
181.02 449
182.12 448
183 450
183.86 450
184.98 452
185.86 451
186.97 453
188.09 453
189.08 453
190.2 455
191.08 459
191.81 460
192.94 461
194.05 462
195.05 465
195.92 468
196.91 469
197.91 468
198.91 468
199.66 479
202.53 489
207.53 381
210.16 344
210.91 345
212.03 349
215.28 2470
216.16 288
221.91 289
222.78 294
227.16 3007
228.16 3040
229.16 282
235.28 2618
236.28 2583
237.28 2594
238.28 2637
239.28 2688
252.53 225
255.41 248
257.41 261
264.05 4956
265.05 5117
270.06 5140
271.06 5155
272.06 5160
274.06 5145
275.06 5155
278.06 4817
279.08 5127
280.08 5125
282.08 5187
283.08 5218
284.08 5262
285.08 5281
301.92 6029
302.92 6220
303.92 6272
304.92 6317
305.91 6409
311.02 4135
356.64 7150
357.64 7107
358.64 7150
359.62 7112
0.69 7131
21.66 13167
45.66 6378
50.66 5901
52.66 5954
53.78 5884
54.66 5810
55.66 5747
56.8 5685
57.66 5823
62.77 5507
68.75 5507
69.75 5507
79.72 4738
99.92 277
101.05 277
104.16 175
105.16 177
109.14 219
109.14 219
111.12 217
111.25 212
127.92 284
139.48 281
140.84 284
147.44 338
158.12 481
159.12 475
160.14 212
160.23 472
161.11 471
162.23 469
163.23 466
164.22 465
165.34 459
166.22 460
167.34 458
168.08 457
169.33 454
170.2 454
171.33 453
172.06 451
173.19 449
174.31 451
175.44 449
176.17 449
177.17 448
178.17 447
181.28 449
182.16 448
183.16 450
184.14 450
185.14 451
186.14 451
187.14 452
188.39 454
189.14 454
190.02 456
191.02 459
192.14 460
193.14 461
194.27 462
195.02 465
196.27 467
197.14 466
198.14 472
199.14 472
200.02 480
202.77 492
210.27 346
211.39 346
214.52 2487
215.52 2462
215.77 290
220.14 357
222.52 291
227.39 3014
228.02 282
228.39 3037
228.89 283
230.27 281
234.39 3600
235.52 2608
236.52 2583
237.52 2591
238.52 2648
239.52 2726
252.77 373
253.39 247
255.89 250
263.28 4915
269.28 5155
271.3 5160
272.3 5155
274.3 5162
277.3 5167
278.3 4832
279.3 5142
283.3 5236
284.3 5270
285.3 5294
301.16 5971
303.16 6250
304.16 6287
305.16 6291
306.16 6476
310.28 4182
311.28 4111
356.69 7150
357.69 7088
358.69 7273
359.69 7131
0.06 7180
16.02 11790
21.02 12588
44.02 6500
45.02 6556
51.12 5904
52 5901
53.12 5920
54 5865
55.12 5778
56.12 5791
57.12 5829
58 5858
70.12 5507
71.12 5507
75.12 5521
76.12 5533
79.12 4748
80.12 4643
98.94 281
100.19 277
100.69 282
104.55 175
109.53 220
110.53 219
111.53 213
112.52 214
127.44 287
140 282
146.97 332
152.2 390
157.44 484
158.44 480
159.55 474
160.55 473
161.8 471
162.67 466
163.67 465
164.55 464
165.55 461
166.53 458
167.53 458
168.91 455
169.66 454
170.78 452
171.78 452
172.52 451
173.89 449
174.52 450
175.64 448
176.52 447
177.89 447
178.89 433
179.62 448
180.62 449
181.88 448
182.5 449
183.75 451
184.62 450
185.62 450
186.75 452
187.61 453
188.73 454
189.48 455
190.48 458
191.73 459
192.73 461
193.48 463
194.48 463
195.47 466
196.47 469
197.47 460
198.59 461
199.34 475
202.34 489
207.45 379
209.95 348
210.95 347
211.7 349
214.95 2485
215.83 288
216.83 287
221.33 291
222.33 294
227.84 3047
228.84 284
234.97 2621
235.97 2580
236.97 2589
237.97 2633
238.97 2711
239.98 2781
253.73 257
254.23 270
256.61 255
257.23 250
263.73 4963
268.73 5145
277.73 4795
279.73 5125
280.73 5150
281.73 5193
282.73 5223
283.73 5255
284.73 5284
285.73 5281
301.73 5940
302.61 6116
303.62 6242
304.61 6272
305.61 6344
357.08 7165
358.06 7155
359.06 7117
0.44 7141
15.42 11790
21.44 12817
45.47 6532
50.47 5901
52.47 5937
53.59 5887
54.59 5816
55.59 5762
56.58 5750
57.58 5839
69.58 5507
70.58 5507
73.56 5507
76.56 5527
79.56 4740
99.56 277
100.56 277
104.06 176
105.06 176
109.06 218
110.06 219
110.31 218
111.42 211
119.09 1657
128.19 291
139.88 280
140.12 285
147.59 337
158.19 486
159.19 476
160.17 473
161.05 471
162.3 467
163.3 464
164.3 464
165.03 460
166.28 460
167.16 458
168.28 457
169.28 455
170.16 454
171.27 453
172.27 451
173.12 450
174.38 450
175.38 449
176.36 448
177.11 448
178.36 447
181.22 449
182.2 448
183.2 451
184.08 450
185.19 452
186.19 451
187.06 453
187.92 454
189.05 454
190.05 456
190.91 458
192.03 460
193.03 461
194.14 463
195.02 464
196.02 468
196.88 466
197.88 471
199.12 471
199.98 482
202.73 490
210.38 345
210.88 346
215.41 2464
215.64 289
220.16 359
221.66 291
222.92 288
227.33 3015
228.31 281
228.33 3039
229.06 284
230.31 280
234.47 2671
235.47 2613
236.47 2586
237.47 2595
238.47 2677
239.47 2763
253.09 362
253.34 246
256.22 250
263.22 4897
269.22 5162
272.23 5147
277.23 5162
278.23 4826
279.25 5120
282.25 5180
283.25 5213
284.25 5257
285.25 5297
301.25 5957
303.12 6209
304.12 6261
305.12 6309
306.11 6428
311.23 4106
356.47 7141
357.45 7180
358.45 7083
359.45 7117
15.91 11790
43.91 6472
44.91 6544
50.91 5911
51.91 5901
52.91 5914
53.91 5878
55.03 5781
56.03 5772
57.03 5762
58.03 5842
68.02 5507
70.02 5507
71.02 5507
72.02 5507
76 5507
79 4804
80 4706
92.98 5005
99.98 278
101.22 279
104.47 175
106.45 234
108.44 219
109.44 220
109.44 219
111.42 214
112.42 213
127.45 286
139.41 281
141.02 280
146.88 331
147.98 337
152.09 388
157.58 484
158.19 480
159.44 474
160.44 472
161.31 471
162.55 468
163.55 465
164.53 464
165.41 460
166.66 458
167.52 456
168.52 455
169.52 454
170.38 453
171.5 452
172.48 451
173.48 448
174.61 448
175.59 448
176.47 448
177.47 448
178.58 431
179.7 422
179.81 579
181.44 449
182.31 449
183.3 450
184.55 450
185.55 450
186.53 451
187.53 452
188.27 454
189.27 455
190.52 457
191.25 458
192.25 461
193.38 461
194.23 464
195.36 467
196.36 469
197.36 458
198.36 472
199.11 476
200.11 481
202.23 485
210.73 347
211.36 347
214.73 2480
216.11 287
220.23 359
221.98 293
227.61 3031
228.73 283
234.73 2630
235.73 2587
236.73 2570
237.73 2639
238.73 2734
239.73 2822
247.98 260
254.23 252
263.48 4906
276.48 5147
277.48 4846
278.48 4848
282.48 5177
283.48 5213
284.48 5286
285.48 5286
301.33 5967
302.45 5940
303.31 6250
304.31 6283
305.31 6317
306.31 6409
311.42 4140
356.91 7136
357.91 7088
358.91 7083
359.91 7136
0.08 7122
16.05 11790
21.05 13572
44.02 6496
45.02 6581
51.14 5907
53.02 5917
54.02 5865
55.12 5787
56 5807
57.12 5791
58 5845
70.09 5507
75.08 5518
76.06 5533
79.06 4854
80.06 4678
92.02 4947
93.02 4998
100.25 277
101 280
104.48 175
104.86 234
108.47 220
109.47 220
110.47 219
111.45 214
111.45 213
127.73 286
134.44 362
140.03 281
141.28 279
146.73 330
152.19 388
157.28 483
158.28 478
159.28 475
160.41 474
161.52 471
162.52 468
163.39 467
164.39 464
165.38 460
166.38 458
167.38 456
168.38 456
169.48 454
170.48 453
171.36 452
172.61 451
173.47 449
174.47 448
175.72 448
176.34 448
177.33 448
178.83 431
179.58 423
179.83 581
181.56 449
182.44 449
183.31 449
184.69 450
185.42 450
186.55 450
187.67 452
188.3 454
189.55 454
190.42 457
191.3 458
192.3 460
193.42 461
194.3 464
195.16 467
196.28 470
197.28 459
198.53 472
199.28 475
200.28 480
202.16 486
210.77 347
211.77 347
214.75 2479
216.14 288
220.38 358
222.38 293
227.62 3033
228.62 3040
228.88 284
234.73 2624
235.73 2586
236.73 2572
237.73 2640
238.73 2742
239.61 2821
248.36 260
252.73 252
263.5 4899
267.5 5147
276.5 5162
277.52 4806
278.5 4848
281.5 5167
282.5 5180
283.5 5229
284.48 5281
285.48 5297
301.33 5971
302.45 5940
303.31 6261
304.31 6302
305.31 6321
306.31 6444
311.42 4138
356.09 7093
357.09 7170
358.09 7112
359.08 7107
0.12 7155
21.08 13349
44.08 6496
45.08 6585
51.19 5907
52.05 5901
53.17 5920
54.05 5855
55.05 5794
56.05 5794
57.05 5855
58.03 5865
70.14 5507
71.12 5507
75.12 5541
76.12 5562
79.11 4785
91.06 4945
99.42 281
100.3 277
101.05 281
104.55 175
104.91 238
108.02 220
108.53 220
110.52 213
110.52 218
111.27 214
128.16 287
139.84 282
146.8 331
152.16 389
157.5 485
158.38 478
159.75 474
160.62 473
161.62 470
162.73 469
163.61 463
164.61 463
165.61 461
166.47 458
167.59 456
168.84 455
169.47 454
170.72 453
171.7 453
172.58 451
173.83 450
174.83 448
175.83 447
176.56 448
177.69 448
178.94 430
181.67 449
182.67 449
183.78 450
184.53 450
185.66 450
186.77 451
187.64 452
188.64 455
189.52 454
190.62 457
191.38 458
192.62 461
193.61 462
194.36 463
195.23 466
196.36 469
197.59 459
198.59 466
199.47 474
200.33 485
202.2 485
209.67 354
210.3 347
211.67 347
214.8 2478
215.17 287
216.05 288
220.17 359
222.92 294
227.66 3036
228.41 283
234.78 2622
235.78 2582
236.78 2571
237.77 2645
238.77 2741
239.77 2826
252.89 253
263.5 4931
272.48 5157
276.48 5155
277.48 4821
278.48 4832
281.48 5167
282.48 5172
283.48 5252
284.48 5286
285.47 5305
301.33 5981
302.45 5957
303.33 6220
304.33 6279
305.33 6344
306.31 6425
311.42 4135
356.14 7131
357.14 7160
358.14 7107
359.14 7098
0.08 7102
15.06 11790
16.06 11790
21.06 13572
44.05 6504
45.05 6572
51.17 5904
52.05 5901
53.03 5924
54.03 5848
55.03 5784
56.16 5787
57.03 5871
58.03 5848
75.12 5515
76.12 5533
79.11 4738
80.11 4617
99.08 281
100.69 277
100.94 282
104.56 175
105.44 238
108.55 220
109.55 220
110.53 219
111.53 213
112.52 214
128.41 287
134.61 381
140.22 281
146.81 330
152.55 387
157.52 486
158.27 480
159.52 474
160.52 473
161.77 470
162.75 468
163.5 463
164.5 463
165.75 460
166.75 458
167.61 456
168.73 455
169.59 453
170.72 453
171.7 452
172.45 451
173.83 450
174.81 448
175.69 448
176.67 448
177.8 447
178.92 432
179.53 440
181.52 449
182.52 449
183.64 450
184.5 450
185.62 450
186.61 452
187.36 452
188.48 455
189.59 454
190.59 456
191.58 458
192.33 461
193.33 462
194.31 464
195.31 466
196.55 470
197.42 459
198.3 464
199.17 476
202.17 485
209.56 352
210.44 346
211.56 347
214.83 2480
215.44 289
216.95 288
220.2 360
222.83 294
227.73 3034
228.22 284
234.84 2615
235.84 2569
236.84 2568
237.84 2649
238.84 2733
239.72 2817
246.34 260
247.72 260
252.95 384
256.33 253
263.58 4906
266.59 5150
267.59 5135
271.59 5142
277.61 4841
278.61 4819
280.62 5155
281.62 5180
282.62 5190
283.62 5244
284.62 5292
285.64 5302
302.48 6039
303.48 6231
304.48 6276
305.48 6325
306.48 6355
315.45 7511
356.11 7126
357.09 7160
358.09 7136
359.08 7074
0.3 7150
16.3 11790
21.3 13400
45.3 6749
50.3 5901
51.3 5901
52.3 5901
53.3 5894
54.3 5823
55.42 5756
56.42 5703
57.3 5868
64.41 5504
73.39 5498
74.39 5518
76.38 5536
79.38 4751
99.59 276
100.47 277
103.84 175
104.83 175
108.33 218
108.56 220
110.81 218
111.81 211
112.81 215
118.77 1649
128.39 290
139.95 285
147.16 335
152.5 395
157.86 486
158.84 478
159.84 474
160.84 472
161.7 471
162.83 466
163.83 465
165.06 462
166.06 460
167.06 458
168.05 456
168.8 454
170.17 453
170.78 452
171.91 451
172.78 452
174.03 449
175.02 448
176.02 447
176.89 448
177.88 448
178.88 438
179.62 477
180.86 449
181.73 449
183.11 450
183.97 450
184.72 451
185.72 452
186.95 453
187.95 454
188.83 453
189.7 455
190.95 458
191.95 459
192.7 461
193.7 462
194.83 464
195.58 468
196.7 470
197.7 465
198.7 464
199.7 478
202.45 489
207.33 381
210.08 344
211.08 344
211.7 348
215.2 2456
215.45 288
222.08 289
222.95 294
227.09 3002
228.09 3035
228.72 289
234.22 2720
235.22 2617
236.22 2558
237.22 2568
238.22 2668
239.22 2763
252.47 225
255.84 248
256.48 260
264 4982
266 5120
269 5157
270 5140
271 5135
278.02 4785
280.02 5132
282.02 5165
283.03 5213
284.02 5278
285.02 5268
301.84 6063
302.84 6191
303.84 6239
304.83 6294
305.83 6413
309.94 4202
310.94 4135
356.3 7117
357.3 7180
358.3 6953
359.3 7102
0.67 7088
21.64 13037
45.62 6417
50.62 5901
51.61 5901
52.61 5944
53.73 5884
54.73 5816
55.73 5762
56.73 5709
57.73 5800
62.72 5501
63.72 5504
69.72 5501
70.72 5501
72.7 5501
73.7 5513
79.7 4748
86.67 4917
100.38 277
104.12 175
105.12 177
107.73 219
108.72 219
109.97 217
111.09 212
119.02 1672
127.62 284
139.19 282
140.56 284
157.86 481
158.98 475
159.86 210
160.22 473
161.09 469
162.09 468
163.22 464
163.97 462
165.09 460
166.08 459
167.2 458
168.33 456
169.33 453
170.33 453
171.19 452
172.31 451
173.44 451
174.06 450
175.31 448
176.3 449
177.05 448
178.3 447
181.3 449
182.16 447
183.28 450
184.16 450
185.03 452
186.02 451
187.14 453
188.14 453
189.27 454
190.25 455
191 459
192 459
193.25 460
193.86 462
195.11 466
195.98 468
197.11 461
197.97 470
199.22 470
199.84 480
202.83 492
207.81 376
210.06 344
211.05 345
212.3 350
215.41 2464
215.78 288
220.03 358
222.03 290
223.41 296
227.28 3015
227.78 284
228.28 3042
228.91 282
230.66 280
234.41 2636
235.41 2602
236.41 2562
237.41 2578
238.41 2686
239.41 2768
253.16 244
255.66 250
263.16 4899
272.16 5142
274.16 5145
277.16 5160
278.16 4821
279.16 5107
280.16 5137
281.16 5180
282.16 5190
283.16 5260
284.16 5257
285.16 5278
301.03 5977
302.16 5991
303.03 6235
304.03 6239
305.03 6321
306.03 6440
310.14 4180
311.14 4161
356.69 7136
357.67 7102
358.67 7194
359.67 7117
0.83 7150
15.78 11790
44.81 6500
50.94 5907
51.81 5901
52.81 5927
53.81 5891
54.94 5787
55.94 5750
56.94 5682
57.81 5845
62.92 5507
67.92 5507
69.92 5507
70.92 5507
71.92 5507
74.91 5533
75.91 5507
79.89 4715
92.86 5058
99.61 278
101.09 278
104.34 175
105.34 178
105.59 231
108.33 219
108.83 219
109.33 219
110.2 215
112.33 212
127.48 285
133.58 297
139.55 280
141.28 282
147.25 324
152.36 384
157.34 483
158.34 478
159.45 476
160.33 472
161.33 471
162.2 469
163.31 467
164.31 465
165.44 460
166.56 459
167.56 457
168.42 455
169.55 453
170.42 454
171.55 453
172.3 451
173.66 449
174.41 450
175.64 448
176.39 448
177.5 448
178.75 440
179.73 563
179.86 412
181.61 449
182.47 449
183.47 450
184.45 450
185.58 451
186.44 451
187.56 452
188.56 453
189.42 453
190.3 456
191.41 458
192.28 460
193.27 461
194.02 463
195.25 466
196.12 469
197.25 460
198.23 470
198.98 476
199.97 482
202.2 485
210.59 347
211.22 347
214.61 2490
215.62 2471
216.11 289
220 357
222.62 292
227.53 3035
228.53 3053
228.89 283
229.78 280
234.69 2615
235.69 2576
236.69 2563
237.69 2614
238.69 2709
239.69 2789
247.94 262
254.44 250
257.56 247
266.44 5147
272.44 5162
277.45 4908
278.45 4850
281.47 5162
282.47 5185
283.47 5231
284.47 5289
285.47 5292
302.34 5961
303.34 6224
304.34 6279
305.34 6336
306.33 6436
311.44 4135
356.84 7141
357.84 7083
358.84 7117
359.83 7141
0.08 7141
16.08 11790
21.09 13005
44.11 6484
45.11 6593
51.11 5901
53.11 5901
54.23 5842
55.23 5778
56.11 5810
57.23 5907
58.11 5848
70.23 5507
71.23 5507
75.23 5536
76.23 5539
79.23 4768
100.23 272
100.98 276
103.73 174
104.73 175
108.2 220
110.7 218
111.69 212
112.69 214
118.75 1639
128.09 289
140.55 284
147.53 333
152.64 392
157.62 486
158.86 478
159.86 473
160.86 472
161.61 469
162.98 466
163.73 464
164.72 462
165.97 460
166.84 458
168.09 458
168.7 455
169.95 453
171.08 452
171.95 451
173.06 451
173.81 449
174.69 449
176.06 447
176.92 448
177.92 448
179.17 437
179.8 466
180.91 448
181.91 449
182.91 449
183.91 449
184.77 450
185.89 452
186.64 452
187.89 453
188.62 454
189.75 456
190.75 458
191.62 460
192.61 461
193.86 463
194.48 465
195.73 467
196.61 470
197.48 465
198.61 463
199.73 476
202.36 489
207.62 381
210 347
210.62 345
211.75 348
215.14 2470
216.12 287
216.5 291
222.02 289
222.52 294
227.03 2989
228.03 3036
228.77 288
234.16 2738
235.16 2603
236.17 2553
237.17 2566
238.17 2655
239.17 2743
240.05 2852
251.05 235
253.19 259
256.31 260
257.19 249
263.95 4982
264.97 5120
265.97 5147
268.97 5147
269.97 5135
277.98 4808
279.98 5087
282 5203
283 5229
284 5278
285 5286
301.86 6029
302.86 6188
303.86 6235
304.86 6332
305.86 6436
310.97 4135
356.09 7013
357.09 7165
358.09 7055
359.08 7079
0.75 7160
21.75 13167
45.75 6355
50.75 5901
52.75 5944
53.88 5884
54.75 5807
55.75 5753
56.88 5672
57.73 5826
62.86 5510
70.86 5507
72.86 5507
73.84 5530
75.84 5541
76.84 5536
79.84 4768
100.06 278
100.81 277
104.3 175
105.3 178
106.3 234
106.78 219
108.91 219
109.28 220
111.27 216
111.52 212
127.56 285
139.5 280
140.38 282
152.06 382
157.41 486
158.41 478
159.28 475
160.05 212
160.39 472
161.52 471
162.52 469
163.39 466
164.27 465
165.38 460
166.25 459
167.25 458
168.25 455
169.61 453
170.36 453
171.36 452
172.36 451
173.61 449
174.34 450
175.34 448
176.34 448
177.59 448
179.58 558
181.33 449
182.45 449
183.19 450
184.44 450
185.31 451
186.31 451
187.31 452
188.42 454
189.42 454
190.17 457
191.3 458
192.3 461
193.17 462
194.3 464
195.42 466
196.3 468
197.17 461
198.05 472
199.05 475
200.05 480
202.17 485
210.17 347
211.55 346
214.67 2494
215.67 2469
216.8 289
220.3 357
222.42 293
227.55 3028
228.55 3048
228.92 283
229.8 286
234.69 2610
235.69 2574
236.69 2562
237.69 2626
238.69 2710
239.69 2796
247.69 260
253.69 250
263.45 4899
267.47 5147
275.47 5162
277.47 4892
278.47 4886
281.47 5165
282.47 5193
283.47 5268
284.47 5276
285.47 5318
302.33 5961
303.33 6228
304.33 6261
305.33 6355
306.33 6425
311.45 4135
356.75 7141
357.75 7093
358.75 7165
359.75 7131
0.19 7180
16.14 11790
21.14 13451
44.14 6472
45.14 6605
51.12 5901
52.12 5901
53.12 5897
54.25 5832
55.25 5787
56.12 5794
57.11 5901
58.11 5865
69.22 5507
70.22 5507
71.22 5507
72.22 5507
74.2 5507
75.2 5530
76.2 5550
77.2 5547
79.2 4753
99.14 280
100 277
101.5 283
104.62 175
109.34 219
109.59 220
111.59 212
112.58 214
127.62 288
140.19 282
147.16 333
152.39 389
157.62 483
158.62 478
159.61 474
160.73 472
161.61 470
162.61 466
163.73 466
164.73 463
165.61 461
166.59 458
167.84 456
168.59 455
169.59 454
170.59 452
171.59 452
172.7 451
173.95 449
174.7 450
175.83 448
176.7 448
177.58 448
178.95 434
179.94 453
181.69 448
182.94 449
183.94 449
184.94 450
185.56 452
186.81 451
187.94 452
188.56 454
189.67 456
190.8 458
191.55 460
192.67 460
193.67 463
194.67 464
195.55 465
196.42 470
197.8 462
198.55 461
199.67 476
202.28 488
207.28 377
209.78 347
211.16 346
211.66 347
215.03 2484
215.41 289
217.16 287
221.41 290
223.03 294
227.92 3044
229.05 283
234.05 2767
235.05 2600
236.05 2551
237.05 2563
238.05 2652
239.05 2742
240.06 2833
250.56 226
253.94 258
255.06 250
255.94 258
263.81 5013
264.81 5135
265.81 5142
268.81 5132
269.81 5127
270.81 5162
277.81 4789
279.81 5085
280.81 5170
281.81 5211
282.83 5218
283.83 5265
284.83 5294
301.72 6046
302.72 6206
303.73 6257
304.72 6287
305.72 6425
356.2 7146
357.2 7175
358.19 6999
359.19 7146
0.56 7155
21.58 12910
45.62 6421
50.62 5901
52.62 5924
53.62 5871
54.75 5791
55.62 5740
56.75 5709
57.75 5787
62.75 5507
69.75 5507
70.75 5507
71.77 5507
75.77 5518
76.77 5539
79.77 4742
100.64 277
101.27 277
104.27 175
105.27 177
109.27 219
110.27 219
111.28 217
112.27 212
127.91 284
140.08 280
140.7 281
147.81 337
152.05 383
157.16 485
158.28 478
159.41 475
160.03 212
160.53 472
161.16 469
162.41 470
163.39 464
164.52 462
165.27 460
166.39 458
167.27 457
168.27 455
169.39 453
170.39 454
171.38 453
172.62 451
173.25 450
174.48 450
175.36 449
176.36 449
177.48 448
179.84 563
181.2 449
182.33 448
183.45 451
184.33 450
185.19 451
186.19 452
187.31 452
188.3 454
189.42 454
190.42 457
191.17 458
192.16 461
193.41 462
194.28 462
195.39 466
196.02 469
197.39 459
198.14 472
199.12 475
200.12 480
202 482
210.14 347
211.27 347
214.66 2483
215.67 2467
215.78 288
216.91 288
219.92 358
221.92 293
227.58 3031
228.69 282
234.72 2600
235.72 2558
236.72 2562
237.72 2634
238.73 2721
239.73 2799
247.86 260
255.25 252
263.55 4945
266.55 5160
267.55 5147
270.55 5160
271.56 5155
272.56 5142
276.56 5162
277.56 4828
278.56 4811
280.58 5147
281.58 5175
282.58 5216
283.58 5257
284.58 5268
285.58 5265
301.47 5988
302.47 6060
303.47 6231
304.47 6261
305.47 6355
306.45 6370
315.45 7511
356.59 7141
357.58 7165
358.58 7184
359.58 7160
0.33 7122
15.34 11790
16.34 11790
21.34 13005
45.38 6796
50.38 5901
52.38 5901
53.39 5897
54.39 5819
55.52 5778
56.52 5715
57.39 5845
69.52 5507
70.52 5507
71.52 5507
72.52 5518
73.52 5507
79.52 4751
99.88 276
101.38 276
103.98 175
104.98 176
107.84 219
108.84 220
110.97 218
111.08 211
118.91 1657
128.02 289
138.97 288
140.59 285
147.33 336
158.05 486
158.92 477
159.92 473
161.17 471
162.05 468
163.28 464
164.16 464
165.03 460
166.14 460
167.02 459
168.27 457
169.02 455
170.25 453
171.25 452
172.12 451
173.23 451
174.23 450
175.36 449
176.11 448
176.97 448
178.34 447
181.08 449
182.33 447
183.33 451
184.06 450
185.06 452
186.06 451
187.3 453
188.05 455
188.92 455
190.05 456
190.91 459
192.16 460
192.91 461
193.91 461
194.91 465
196.16 468
196.91 465
197.91 470
198.91 470
199.91 480
202.78 491
207.67 376
210.3 344
211.3 345
212.3 348
215.44 2471
215.67 289
219.69 358
222.19 291
222.94 296
227.33 3015
228.2 281
228.33 3038
229.58 283
230.95 280
234.45 2621
235.45 2585
236.45 2562
237.45 2610
238.45 2700
239.47 2786
252.59 384
253.47 245
255.72 250
272.28 5147
274.28 5150
277.3 5162
278.3 4839
279.3 5122
282.31 5195
283.31 5221
284.31 5273
285.31 5324
301.19 5954
302.19 5937
303.19 6228
304.17 6283
305.17 6332
306.17 6440
310.3 4180
311.3 4151
356.33 7126
357.33 7155
358.33 7184
359.33 7102
0.05 7155
15.08 11843
16.08 11790
21.08 13417
44.12 6492
45.12 6593
51.14 5901
53.14 5947
54.27 5839
55.28 5781
56.28 5800
57.16 5914
58.16 5874
70.28 5507
75.28 5527
76.28 5536
79.28 4776
99.27 275
103.75 175
104.75 175
108.38 219
109.75 219
110 218
111.73 211
112.73 215
118.72 1645
127.83 290
140.67 285
147.02 334
157.73 486
158.86 477
159.86 474
160.86 472
161.86 471
162.73 467
163.86 464
164.97 460
165.84 460
166.97 459
168.09 457
168.97 454
169.97 454
171.09 452
172.09 451
172.97 450
174.09 449
175.09 448
175.95 447
177.08 447
178.08 448
179.08 444
179.83 481
180.95 449
181.95 448
182.83 450
183.83 449
184.95 451
185.95 450
187.08 453
188.2 454
188.95 454
190.2 456
190.95 458
191.84 459
192.84 462
193.97 463
194.97 464
196.09 467
196.86 471
197.86 469
198.98 469
199.86 479
203 490
207.62 383
210.14 345
210.89 346
212.14 351
215.42 2469
216.53 290
221.67 290
223.55 291
227.31 3011
228.31 3037
229.69 283
230.44 277
234.45 2626
235.45 2581
236.45 2562
237.45 2612
238.45 2699
239.47 2779
252.86 359
253.61 247
256.86 251
263.3 4904
266.3 5155
268.31 5147
272.33 5147
278.34 4832
279.36 5140
281.36 5162
282.36 5221
283.36 5247
284.36 5281
285.36 5289
301.25 5961
302.25 5937
303.25 6242
304.25 6265
305.25 6336
306.25 6468
311.39 4135
357.05 7160
358.05 7112
359.05 7064
0.28 7126
15.28 11790
16.28 11790
21.28 13485
50.33 5901
51.33 5901
52.33 5914
53.33 5894
54.45 5835
55.47 5750
56.47 5700
57.47 5832
70.48 5507
71.5 5507
72.5 5515
74.5 5530
76.5 5527
79.52 4746
99.59 277
100.59 277
103.97 175
104.97 176
108.08 219
109.95 218
109.95 220
111.95 211
119.03 1654
128.78 290
139.12 283
140.12 285
147.36 337
158.2 484
158.95 477
159.84 210
160.2 473
161.2 470
162.2 468
163.08 465
164.08 464
165.33 460
166.2 460
167.08 459
168.19 457
169.19 454
170.44 453
171.19 452
172.31 451
173.31 450
174.31 450
175.31 449
176.44 448
177.19 448
178.31 446
181.05 449
182.42 447
183.42 450
184.42 450
185.3 451
186.17 451
187.3 452
188.17 454
189.3 454
190.17 456
191.3 459
192.17 460
193.05 460
194.3 462
195.03 465
196.16 468
197.28 463
198.03 472
198.91 472
200.03 480
203.03 496
210.41 346
211.28 346
215.55 2461
216.03 289
220.05 357
221.8 291
227.45 3022
228.31 282
228.45 3041
228.94 285
229.81 286
234.59 2622
235.59 2565
236.59 2563
237.59 2623
238.59 2703
239.61 2792
248.36 260
253.23 248
256.62 252
263.39 4933
267.39 5147
269.39 5137
272.41 5155
275.41 5162
276.41 5155
278.41 4895
279.41 5147
281.41 5177
282.42 5195
283.42 5229
284.42 5281
301.31 5971
302.44 5940
303.33 6253
304.31 6272
305.31 6309
306.31 6405
311.44 4138
356.28 7107
357.28 7175
358.28 7107
359.28 7083
0.19 7117
15.19 11790
16.19 11751
21.22 13249
45.28 6766
50.28 5901
51.28 5901
52.28 5901
53.28 5901
54.41 5832
55.3 5759
56.42 5731
57.3 5858
69.42 5507
70.42 5507
72.42 5507
73.42 5507
76.42 5544
79.42 4757
100.17 276
100.8 277
104.92 175
108.92 218
109.67 218
109.92 220
111.91 211
118.86 1650
128.47 290
140.92 285
147.53 335
158.12 486
159 477
159.88 473
161.12 472
162 469
163.11 465
164.23 464
165.11 459
166.23 460
166.98 459
168.11 457
169.36 454
170.36 453
171.09 453
172.09 451
173.22 450
174.08 449
175.08 449
176.33 448
177.08 448
178.31 447
179.06 443
179.81 483
181.17 449
182.05 448
183.3 450
184.3 450
185.03 452
186.03 451
187.03 454
188.02 454
189.02 454
190.02 456
190.89 458
191.88 459
193.12 459
193.88 462
194.86 465
196.11 468
197.11 465
197.98 470
198.84 470
199.72 479
202.72 493
207.86 376
210.25 345
211.14 346
215.44 2468
216.53 289
220.19 360
222.19 291
227.38 3017
228.38 3043
228.86 282
228.98 284
234.53 2622
235.53 2564
236.53 2560
237.53 2616
238.55 2701
239.55 2773
248.05 259
252.81 248
252.94 378
255.69 251
263.36 4892
275.41 5162
276.41 5162
278.41 4870
279.42 5125
282.42 5177
283.44 5223
284.44 5294
301.34 5967
302.34 5947
303.34 6235
304.34 6302
305.34 6351
306.34 6448
311.47 4135
356.22 7126
357.2 7165
358.2 7155
359.2 7079
0.3 7155
15.34 11790
16.34 11790
21.36 13021
45.42 6589
50.42 5901
52.44 5944
53.44 5901
54.56 5813
55.56 5750
56.56 5725
57.45 5819
70.59 5507
71.61 5513
75.61 5524
76.61 5544
79.62 4765
100.28 277
104.14 175
105.14 177
109.14 219
110.12 219
111.12 217
112.12 212
127.45 285
140.31 280
140.94 282
147.42 336
152.17 384
157.28 485
158.41 478
159.41 475
160.03 212
160.16 471
161.53 469
162.53 468
163.27 467
164.27 462
165.52 459
166.27 459
167.52 457
168.27 456
169.25 455
170.25 454
171.62 452
172.38 451
173.5 448
174.62 449
175.36 449
176.61 448
177.48 448
179.61 568
181.61 448
182.47 448
183.59 451
184.59 450
185.59 450
186.22 452
187.22 453
188.45 454
189.33 455
190.33 458
191.33 457
192.45 460
193.2 462
194.33 464
195.08 467
196.2 468
197.45 458
198.34 472
199.09 476
200.22 481
202.23 485
210.62 347
211.27 347
216.02 288
216.66 287
220.67 358
222.42 294
227.7 3040
228.95 283
234.86 2594
235.86 2549
236.86 2560
237.88 2636
238.88 2706
239.88 2788
253.03 256
253.41 376
253.78 270
256.53 254
263.72 4947
265.72 5135
266.73 5142
268.73 5135
269.73 5140
274.77 5142
277.78 4787
279.78 5120
280.8 5135
281.8 5187
282.8 5195
283.8 5244
284.81 5297
301.7 6029
302.7 6198
303.72 6239
304.72 6294
305.72 6413
356.3 7112
357.3 7170
358.3 7126
359.3 7107
0.7 7160
15.73 11790
21.73 13485
44.83 6508
50.84 5901
51.86 5901
52.86 5917
53.86 5871
54.98 5800
56 5750
57 5688
57.88 5852
63 5507
70 5507
71 5507
72 5507
75 5510
76 5513
79 4904
80 4702
92.98 5090
100.61 277
101.11 280
104.48 175
108.61 220
109.98 219
111.48 213
112.47 213
127.95 287
139.8 282
147.41 333
152.39 391
157.38 483
158.62 478
159.5 473
160.88 471
161.62 468
162.88 466
163.75 466
164.88 463
165.75 461
166.75 458
167.88 458
168.88 456
170 453
170.88 452
171.75 451
172.62 451
173.75 449
174.88 449
176 448
176.88 448
178 447
178.88 436
179.75 458
181.88 449
183 449
183.88 449
184.88 450
185.62 452
186.75 451
187.75 453
188.75 453
189.88 456
190.88 458
191.88 461
192.88 461
193.77 464
194.77 463
195.89 466
196.52 471
197.64 465
198.64 463
199.53 479
202.78 487
207.42 381
209.8 345
210.67 345
211.67 349
215.19 2472
216.44 287
221.83 289
222.58 294
228.11 3029
234.25 2676
235.25 2594
236.25 2560
237.25 2565
238.27 2645
239.27 2721
252.53 225
278.19 4815
279.19 5117
280.2 5137
282.2 5180
283.2 5242
284.2 5284
285.2 5299
301.09 5961
303.11 6239
304.11 6291
305.11 6321
306.11 6456
310.23 4172
311.23 4095
356.7 7146
357.7 7079
358.7 7117
359.7 7136
0.16 7165
15.16 11856
16.16 11790
21.16 13383
45.22 6605
51.23 5901
52.23 5901
53.23 5911
54.36 5835
55.23 5759
56.25 5740
57.25 5897
69.39 5507
70.39 5507
71.39 5507
74.41 5530
75.41 5550
76.41 5518
79.41 4746
99.27 276
104.89 175
108.89 218
109.88 220
110.88 218
111.88 211
118.97 1663
128.2 290
138.92 281
140.67 285
147.16 336
158.03 485
158.91 478
159.78 211
159.91 473
161.03 471
162.16 468
163.16 464
164.16 462
165.16 460
166.16 459
167.28 458
168.03 456
169.16 454
170.28 454
171.16 452
172.28 450
173.16 451
174.03 450
175.28 447
176.28 449
177.16 448
178.41 447
179.17 455
179.91 487
182.16 447
183.16 451
184.03 450
185.28 452
186.03 451
187.41 452
188.28 454
189.16 454
190.39 456
191.14 458
192.02 460
193.14 461
194.27 462
195.02 465
195.89 468
197.02 466
198.02 472
199.14 471
200.02 480
202.88 495
210.12 345
211 346
214.75 1898
215.52 2467
215.88 288
220.27 357
222.14 291
227.41 3021
228.41 282
228.42 3043
229.16 285
230.78 284
234.56 2625
235.56 2577
236.56 2562
237.56 2590
238.56 2654
239.56 2726
247.7 260
255.09 248
257.09 252
263.39 4919
268.41 5137
275.42 5162
276.42 5155
277.42 4926
278.42 4877
281.44 5172
282.44 5231
283.44 5249
284.44 5276
285.45 5286
302.36 5981
303.36 6257
304.38 6317
305.38 6317
306.38 6390
311.5 4135
356.16 7122
357.16 7165
358.16 7112
359.16 7122
0.31 7131
16.33 11790
21.34 13216
45.44 6597
50.44 5901
52.45 5934
53.45 5894
54.58 5813
55.45 5759
56.45 5719
57.45 5826
70.59 5507
73.61 5510
75.61 5539
79.61 4740
100.11 277
100.61 277
104.11 175
105.11 177
109.11 219
109.86 218
110.11 219
112.12 212
128.05 284
140.12 281
140.12 283
158.36 481
159.23 475
159.98 212
160.48 471
161.23 469
162.23 468
163.23 466
164.48 462
165.36 459
166.23 459
167.36 458
168.23 455
169.36 454
170.36 453
171.61 452
172.47 451
173.59 449
174.34 449
175.47 448
176.33 449
177.45 448
180.19 499
181.19 449
182.31 449
183.44 451
184.42 450
185.3 451
186.17 451
187.17 452
188.41 454
189.53 453
190.41 456
191.28 457
192.14 461
193.39 460
194.14 463
195.39 466
196 470
197.38 459
198 472
199.25 475
199.98 482
202.11 484
210.14 347
211.02 347
214.92 1901
215.91 288
220.19 357
222.19 293
227.62 3033
228.72 283
234.78 2618
235.78 2560
236.78 2557
237.78 2600
238.78 2654
239.78 2734
247.92 260
254.8 254
255.94 250
263.58 4938
269.61 5155
271.62 5140
274.64 5162
277.66 4821
278.66 4924
280.67 5140
281.67 5170
282.67 5223
283.67 5273
284.69 5260
302.61 6102
303.61 6220
304.61 6261
305.61 6382
315.59 7511
356.31 7131
357.31 7170
358.31 7018
359.31 7117
0.53 7131
21.56 12863
45.61 6425
50.62 5911
51.62 5897
52.62 5934
53.62 5855
54.75 5800
55.62 5759
56.77 5679
57.64 5784
62.77 5507
69.78 5507
70.78 5507
71.78 5507
74.78 5524
75.78 5527
79.78 4738
80.8 5565
100.55 277
104.31 175
104.92 230
105.3 178
108.28 219
109.28 219
110.28 216
110.28 219
111.77 212
127.81 285
139.53 280
140.41 279
152.12 384
157.23 483
158.36 480
159.23 475
160.12 212
160.36 471
161.61 470
162.36 471
163.48 465
164.47 463
165.34 460
166.47 458
167.45 456
168.58 455
169.58 454
170.58 454
171.56 452
172.44 450
173.69 449
174.55 449
175.55 449
176.42 448
177.42 448
178.53 432
179.66 416
179.66 574
181.39 449
182.52 449
183.52 450
184.52 450
185.5 451
186.5 452
187.5 452
188.61 454
189.36 453
190.36 455
191.23 458
192.22 462
193.22 462
194.22 465
195.09 466
196.22 470
197.47 457
198.22 470
199.22 477
200.34 474
202.34 485
210.61 346
211.11 348
215 1902
215.86 287
216.61 287
220.25 358
222.25 294
227.64 3042
228.75 283
234.77 2616
235.78 2550
236.78 2557
237.78 2583
238.78 2650
239.78 2720
246.41 265
247.91 262
254.3 253
257.17 251
263.58 4899
271.59 5137
275.59 5162
277.61 4843
278.61 4813
280.61 5157
281.61 5162
282.62 5177
283.62 5229
284.62 5262
302.48 6063
303.48 6235
304.48 6272
305.47 6386
306.47 6378
311.59 4135
356.53 7136
357.53 7160
358.53 7184
359.53 7083
0.3 7131
16.28 11790
21.28 13070
51.28 5901
52.28 5901
53.28 5914
54.28 5826
55.41 5772
56.41 5703
57.39 5881
69.36 5507
71.36 5507
75.36 5533
79.34 4759
99.67 276
103.78 175
104.78 175
108.77 218
109.77 219
110.75 218
111.75 211
112.75 217
118.81 1642
128.42 290
140.36 284
147.08 334
152.42 395
157.53 486
158.89 478
159.89 472
160.77 473
161.62 470
162.88 466
163.88 465
164.86 462
165.98 460
166.98 458
167.84 457
168.72 455
169.84 453
170.72 452
171.83 451
172.95 451
173.83 449
174.69 449
175.81 448
176.81 448
177.92 448
179.05 437
179.67 470
180.91 449
182.03 448
182.78 449
184.02 449
185.02 451
185.77 452
186.89 451
187.77 454
188.89 453
189.64 454
190.64 458
191.64 460
192.77 460
193.64 462
194.89 465
195.64 467
196.89 469
197.89 464
198.89 463
199.52 478
202.39 489
207.27 379
209.77 345
210.64 345
211.77 349
215.14 2474
216.27 287
216.39 292
222.14 290
222.77 294
227.14 2974
228.02 3032
229.39 283
235.14 2576
236.14 2532
237.14 2555
238.14 2610
239.14 2670
240.14 2744
251.52 225
255.27 248
257.14 258
263.91 5034
264.91 5117
268.91 5147
269.91 5135
277.91 4770
278.91 5157
279.92 5120
280.91 5165
281.91 5200
282.91 5249
283.91 5284
284.89 5289
301.84 5991
302.7 6195
303.7 6213
304.7 6313
305.7 6397
309.81 4212
356.3 7112
357.3 7180
358.3 7060
359.3 7117
0.55 7131