10.98 11790
16.98 12817
35.69 6298
37.69 5981
38.36 6109
39.03 6067
44.5 5400
45.17 5226
45.84 5221
46.5 5359
47.17 5318
47.83 5284
48.5 5229
49.17 5167
49.83 5137
50.5 5102
51.17 5080
51.83 5239
52.5 5223
57.17 4899
57.83 4837
58.5 4817
63.83 4817
65.17 4821
65.83 4824
66.5 4806
67.17 4811
67.83 4813
69.17 4828
69.84 4848
70.52 4830
71.84 4859
72.52 4804
73.19 4817
73.86 4848
74.53 4866
75.2 4863
75.86 4021
76.53 4024
77.88 4881
78.55 4883
80.55 4906
87.92 4210
98.94 276
100.03 277
104.78 177
106.12 237
107.45 220
108.12 218
108.22 219
108.8 218
110.14 218
110.22 212
110.8 217
112.14 213
127.98 288
133.78 303
139.02 279
140.06 284
146.73 335
151.86 386
152.41 389
156.91 484
157.59 478
158.39 479
159.2 475
159.88 473
160.3 471
161.11 468
162.03 467
162.59 465
163.02 465
163.81 463
164.5 461
165.42 460
166.11 459
166.66 457
167.58 457
168.14 455
168.69 455
169.5 453
170.05 454
170.72 452
171.53 451
172.2 450
172.64 449
173.56 448
173.98 449
174.92 448
175.72 447
176.16 446
176.95 447
177.52 448
178.36 529
178.56 433
179.3 477
180.22 450
181.14 448
181.83 448
182.25 448
182.81 449
183.61 450
184.53 449
185.09 450
185.77 449
186.31 450
187.12 453
187.67 453
188.61 453
189.03 455
189.83 455
190.27 456
191.06 459
191.73 460
192.3 462
193.09 461
193.91 463
194.45 465
195.12 466
195.81 469
196.23 469
197.16 458
197.72 477
198.52 466
199.08 473
199.64 479
201.83 482
202.52 489
209.27 349
210.2 345
210.64 344
211.08 349
214.45 2511
215.14 2485
215.39 287
216.83 288
220.14 365
221.45 291
222.27 294
226.95 2243
227.64 2247
228.27 284
228.33 2211
228.58 281
232.83 1242
234.95 3691
235.64 3761
236.33 3802
236.89 3904
237.7 3975
238.27 4044
238.95 4130
246.45 259
248.02 259
252.84 251
255.05 253
256.17 256
256.73 251
271.28 5901
275.56 5606
276.25 5672
276.83 5865
277.52 5878
280.28 5947
280.98 5947
281.8 5957
282.36 6008
283.06 6060
283.75 6029
298.3 6840
299 6876
299.69 6912
300.38 6994
304.66 3990
306.17 3915
348.95 7299
349.66 7150
350.34 7146
351.05 7150
351.81 7136
352.48 7146
353.14 7199
353.8 7453
9.91 11829
10.61 11803
16.91 12974
35.88 6355
37.97 5964
38.67 6053
39.5 5907
45.12 5244
45.83 5234
46.53 5364
47.23 5334
47.94 5265
48.64 5208
49.34 5155
50.05 5152
50.75 5097
51.45 5165
52.16 5193
57.78 4859
58.48 4819
59.17 4826
61.28 4819
64.09 4819
64.8 4806
65.5 4795
66.2 4785
66.91 4817
67.61 4835
68.31 4852
69.02 4813
69.72 4828
70.42 4852
71.83 4859
72.53 4826
73.23 4846
73.94 4839
74.64 4857
76.05 4008
76.75 4000
77.45 4843
78.86 4870
80.27 4924
81.67 4901
89.44 4207
90.86 4207
92.27 4225
100.34 278
101.3 281
104 175
104.62 236
104.72 177
107.78 218
108.25 219
108.95 219
109.66 219
110.36 218
110.78 212
111.08 214
112.48 215
127.12 286
140.12 282
140.33 289
146.77 335
147.22 333
152.38 394
157.19 482
157.89 481
158.48 479
159.31 474
159.91 471
160.73 470
161.45 469
163.12 464
163.72 463
164.3 461
165.02 459
165.97 459
166.69 458
167.39 456
167.86 455
168.69 454
169.53 454
169.98 454
170.83 452
171.78 451
172.5 451
173.2 450
173.92 449
174.64 448
174.97 448
175.81 447
176.64 447
177.36 447
178.06 446
178.78 440
179.36 438
179.45 555
181.03 449
181.75 447
182.45 448
182.8 449
183.75 449
184.34 450
185.05 450
185.89 451
186.61 450
187.44 452
188.03 452
188.61 452
189.33 455
189.91 456
190.88 459
191.58 459
192.3 460
193 461
193.72 462
194.42 465
194.77 465
195.72 469
196.56 467
197.28 457
197.73 475
198.7 465
199.05 474
200.02 480
202.05 486
202.77 487
207.11 372
209.64 344
210.59 345
211.19 347
211.91 352
214.62 2510
215.34 2482
216.16 286
216.62 284
221.09 2304
221.41 292
221.88 293
226.97 2243
227.69 2253
228 283
228.41 2212
234.64 3682
235.36 3729
235.95 3788
236.8 3866
237.39 3956
238.11 4023
238.83 4116
239.55 4230
247.94 261
251.47 227
253.61 257
254.91 250
275.66 5582
282.05 5977
282.77 6029
283.48 6070
297.22 6605
297.94 6762
298.66 6827
299.38 6926
300.11 7022
300.83 7060
304.56 3982
306 3914
349.36 7165
350.08 7155
350.8 7150
351.73 7141
352.44 7093
353.14 7160
353.83 7527
355.23 13748
10.47 11790
11.2 11790
17.03 12770
37.64 5907
38.25 6220
38.97 6119
44.22 5403
44.95 5247
45.69 5213
46.42 5361
47.16 5321
47.89 5281
48.62 5200
49.36 5142
50.09 5132
50.83 5063
51.56 5278
52.3 5234
57.42 4859
64.77 4798
65.5 4798
66.23 4793
66.95 4808
67.69 4832
68.42 4817
69.16 4843
69.89 4848
70.62 4828
72.09 4859
72.83 4837
73.56 4824
74.28 4857
75.75 4848
76.48 4018
78.69 4888
79.42 4874
80.16 4919
81.62 4879
86.75 4163
90.41 4222
91.88 4219
93.34 4285
99.08 277
100.17 277
100.19 277
103.78 176
104.52 175
108.19 218
108.92 218
109.16 218
110.39 218
110.98 212
111.12 214
113.53 254
127.33 287
133.06 306
139.06 280
140.8 284
147.16 328
152.17 384
152.53 392
156.94 484
157.8 480
158.41 480
159.27 474
159.59 209
160 472
160.73 471
161.47 469
162.83 465
163.81 464
164.67 462
165.41 459
165.89 459
166.62 458
167.62 455
168.23 455
169.22 452
169.7 451
170.69 451
171.06 452
172.17 450
172.53 450
173.39 449
174.25 449
175 449
175.86 449
176.59 446
177.2 448
177.94 447
178.55 440
180.64 449
181.5 448
182.36 448
183.11 448
183.72 451
184.58 451
185.31 451
186.17 451
186.55 451
187.41 453
188.16 455
188.89 455
189.64 455
190.62 456
191.25 458
191.86 458
192.48 460
193.34 463
194.22 462
194.95 465
195.45 468
196.44 470
196.94 465
197.67 469
198.55 463
199.03 475
199.91 482
202.12 481
207.58 385
209.19 353
209.81 345
210.8 344
211.42 348
214.48 2487
215.23 2483
215.77 289
216.64 288
221.19 2305
222.22 292
222.45 300
227.27 2263
227.8 284
228 2261
228.66 281
234.45 3659
235.2 3687
235.94 3774
236.56 3826
237.31 3937
238.05 4009
238.8 4099
239.55 4209
245.78 260
248.27 259
250.88 225
252.86 254
254.84 253
256.47 250
256.47 256
275.39 5618
276.14 5588
276.89 5842
277.52 5878
278.27 5911
281.98 5934
282.73 5988
283.48 6035
298.39 6832
299.14 6858
299.89 6948
300.62 7036
306.11 3911
349.3 7150
350.05 7160
350.8 7146
351.53 7160
352.25 7141
352.97 7160
353.7 7479
10.39 11790
11.14 11790
17.19 12740
36.11 6484
37.62 5998
38.38 6102
39.14 6032
44.56 5394
45.33 5213
46.08 5216
46.84 5329
47.59 5284
48.36 5226
49.11 5170
49.88 5135
50.62 5105
51.39 5092
52.14 5198
57.45 4863
60.48 4828
63.52 4761
64.27 4819
65.03 4813
65.78 4804
66.55 4787
67.3 4800
69.58 4863
70.34 4846
71.09 4859
71.86 4835
72.61 4806
73.38 4828
74.89 4859
75.66 4859
76.41 4063
77.92 4863
78.69 4890
81.72 4897
85.52 4176
86.27 4212
87.8 4205
90.06 4232
90.83 4210
91.59 4297
100.27 278
103.64 175
108.2 219
108.72 219
108.97 219
110.48 218
111.25 213
112 212
127.25 287
133.7 304
140.03 284
146.67 329
147.56 325
152.03 389
157.52 481
158.41 480
158.92 475
159.69 473
160.58 471
161.34 471
163.12 464
163.64 463
164.64 461
165.16 459
166.05 459
166.94 457
167.45 457
168.59 455
169.23 454
169.75 454
170.77 452
171.66 452
172.17 450
172.94 451
173.83 449
174.72 448
175.23 448
176 449
176.88 447
177.39 447
178.42 567
178.53 431
179.69 487
181.47 448
182.11 447
182.75 450
183.64 450
184.53 449
185.3 450
186.06 450
186.58 452
187.59 454
188.36 454
189.12 455
189.77 456
190.42 457
191.31 459
191.95 459
192.98 461
193.62 461
194.14 464
194.92 466
195.94 469
196.7 471
197.36 462
198.12 459
199.02 474
199.8 477
201.86 487
202.62 491
207.48 387
209.14 350
210.05 346
211.06 345
211.58 349
214.91 2498
215.8 287
216.06 288
220.08 360
221.22 2322
222.48 289
222.88 296
227.41 2258
228.17 2243
228.41 285
229.69 280
234.89 3679
235.66 3748
236.31 3801
237.08 3908
237.86 3991
238.62 4070
239.41 4187
247.62 260
250.69 229
253.77 240
255.72 247
275.86 5565
277.28 5891
278.06 5901
281.95 5961
282.73 5981
298.25 6854
299.03 6858
299.81 6971
300.58 7004
304.59 3959
306.14 3914
349.55 7160
350.33 7155
351.11 7150
351.55 7131
352.3 7112
353.05 7170
353.81 7554
355.31 13451
10.62 11790
11.41 11790
16.89 12817
38.06 6008
38.84 6081
44.45 5397
45.25 5239
46.03 5216
46.81 5329
47.59 5310
48.38 5242
49.17 5180
49.95 5142
50.73 5107
51.52 5193
52.31 5208
57.8 4859
58.59 4839
60.94 4826
64.88 4830
65.66 4817
66.44 4811
67.22 4793
68.8 4852
70.36 4859
71.94 4859
72.72 4837
73.5 4868
74.3 4852
75.08 4863
75.86 4024
76.66 4017
79.02 4872
80.58 4910
86.88 4163
93.17 4235
98.95 281
99.61 277
100.53 278
103.81 176
104.59 176
105.8 236
107.25 218
108.53 219
109.31 219
110.09 219
110.88 217
111.66 211
112.45 215
127.72 290
132.72 305
139.89 282
146.52 330
152.19 394
157.09 484
158 481
158.92 475
159.58 474
159.59 209
160.25 471
161.28 469
162.08 468
162.86 464
163.53 464
164.31 462
165.23 459
166.14 460
166.94 457
167.47 457
168.52 455
169.42 455
169.84 454
170.88 451
171.67 451
172.45 450
173.25 449
174.03 450
174.95 449
175.48 449
176.28 447
177.19 447
177.73 447
179.02 439
179.3 454
180.22 449
181 449
182.03 449
182.83 448
183.36 450
184.28 451
184.94 451
185.59 452
186.39 452
187.3 452
188.08 453
188.88 453
189.66 456
190.45 457
191.11 460
192.02 459
192.69 462
193.47 463
194.5 466
195.17 466
195.7 470
196.5 470
197.41 465
198.31 461
198.86 476
199.77 480
209.75 343
210.55 345
211.09 348
214.77 2508
216.03 284
216.45 287
220.23 359
221.14 2307
221.91 290
222.95 294
226.86 2254
227.66 2260
228.16 283
228.95 283
234.59 3670
235.39 3718
236.06 3784
236.98 3849
237.66 3982
238.45 4050
239.25 4158
247.81 260
252.34 229
253.36 249
254.88 248
275.97 5582
277.45 5865
278.38 5884
282.36 5991
283.03 6008
297.39 6693
298.19 6779
298.98 6885
299.78 6944
300.58 7027
306.3 3940
349.3 7184
350.09 7160
350.89 7170
351.88 7170
352.66 7170
353.44 7155
10.95 11790
11.77 11790
17.39 12648
37.52 5914
38.31 6213
39.12 6053
44.89 5321
45.69 5231
46.5 5364
47.3 5321
48.11 5292
48.91 5221
49.72 5152
50.52 5127
51.33 5097
52.12 5182
57.77 4859
58.56 4824
59.38 4821
65.81 4774
66.61 4800
67.42 4802
69.03 4787
69.83 4817
70.64 4839
71.44 4848
72.25 4859
73.05 4848
73.86 4857
76.28 4020
77.08 3944
78.69 4881
80.31 4908
81.92 4924
85.14 4161
86.75 4187
89.98 4225
90.78 4232
93.2 4234
98.77 275
100.88 277
103.94 176
104.73 176
104.84 235
107.38 219
107.94 218
108.3 219
109.23 218
111.16 214
111.95 212
127.8 289
139.7 278
140.14 285
147.06 336
152.2 390
157.12 486
157.92 480
158.73 478
159.42 474
160.36 472
161.16 471
161.97 468
162.78 465
163.47 464
164.39 461
165.2 461
166.14 458
167.08 457
167.88 457
168.69 455
169.62 455
170.19 454
170.86 452
171.8 450
172.61 452
173.42 450
174.34 449
175.28 448
176.09 447
176.66 447
177.45 447
179.88 484
181.48 448
182.42 448
183.23 448
183.91 450
184.72 451
185.64 451
186.33 451
187.39 453
187.94 453
188.88 454
189.44 455
190.36 456
191.3 458
191.97 460
192.91 461
193.59 463
194.39 464
195.08 466
196.14 470
196.81 472
197.62 466
198.42 461
199.23 476
199.8 480
202.34 486
207.03 385
209.3 350
209.73 346
210.8 345
211.86 349
214.5 2499
215.31 2474
216 286
221.16 2323
221.7 289
222.52 294
226.73 2256
227.55 2268
228.09 285
228.66 284
234.78 3679
235.59 3742
236.41 3806
237.22 3915
237.92 4000
238.73 4094
239.55 4234
253.53 267
253.72 259
255.42 252
256.86 247
257.61 258
275.5 5507
276.31 5568
281.89 5981
282.7 6029
283.53 6032
297.38 6601
298.19 6792
299.02 6880
299.83 6971
300.64 7027
349.59 7165
350.41 7160
351.22 7150
351.69 7126
352.48 7155
353.3 7170
17.44 12663
37.97 5947
38.8 6046
44.67 5425
45.48 5229
46.31 5292
47.12 5324
47.95 5294
48.78 5236
49.59 5147
50.42 5190
51.23 5078
52.06 5200
57.8 4859
58.62 4843
59.44 4815
61.08 4817
63.55 4857
64.38 4819
65.19 4821
66.02 4783
66.83 4817
68.47 4850
70.94 4854
71.75 4848
72.58 4819
73.39 4835
74.22 4859
75.05 4859
75.86 4106
76.69 4031
77.52 4821
79.98 4886
80.8 4883
84.92 4171
85.73 4194
89.03 4215
90.69 4239
91.5 4232
92.33 4227
93.16 4293
99.59 276
100.5 278
100.55 277
103.94 176
104.77 176
104.91 235
108.06 218
108.89 218
109.7 219
110.52 218
111.34 213
112.16 212
127.66 286
140.45 285
147.3 333
152.16 394
157.41 481
158.11 477
158.94 475
159.69 210
160 473
160.83 471
161.41 471
162.36 468
163.3 466
164 462
164.83 461
165.89 460
166.72 458
167.55 457
168.25 454
169.19 454
170.02 455
170.84 451
171.66 451
172.36 451
173.44 449
174.27 450
174.95 447
175.53 446
176.36 447
177.3 448
178.25 446
181.55 448
182.5 448
183.2 448
184.02 450
184.97 451
185.55 451
186.5 451
187.2 453
188.03 453
188.86 454
189.69 455
190.77 456
191.34 459
192.05 459
193.12 462
193.7 464
194.66 466
195.23 467
196.44 470
197 462
197.83 473
198.66 467
199.36 476
201.97 483
202.8 487
210.09 343
210.55 345
211.36 346
215.19 2483
215.67 287
217.12 288
220.98 2366
221.72 287
221.8 294
226.91 2252
227.73 2264
228.34 284
229.3 282
234.94 3679
235.77 3760
236.47 3820
237.3 3925
238.12 4014
238.95 4106
245.61 266
247.91 258
252.27 227
253.38 250
255.73 249
255.81 252
275.5 5521
276.34 5530
279.67 5920
282.03 5964
282.88 5984
283.7 6015
298.61 6823
299.44 6894
300.27 7004
306.19 3908
349.3 7160
350.12 7170
350.95 7155
352.03 7155
352.84 7165
353.66 7422
355.28 13266
10.92 11790
16.78 12974
37.84 5940
38.56 6035
39.41 5891
44.56 5411
45.41 5226
46.25 5278
47.08 5324
47.92 5284
48.77 5208
49.61 5152
50.44 5157
51.28 5112
52.12 5187
52.97 5175
58 4859
64.72 4806
65.55 4811
67.23 4813
68.06 4815
69.75 4848
70.58 4848
71.42 4859
72.27 4846
73.11 4841
73.94 4868
74.78 4857
75.62 4874
76.45 4063
79.81 4888
80.66 4926
85.69 4151
86.53 4195
89.88 4171
90.72 4210
91.55 4209
92.39 4235
93.23 4222
99.44 281
100.28 277
101.23 278
104.08 176
104.92 177
108.81 219
109.11 219
109.91 218
111.62 211
112.45 215
127.67 285
138.91 282
140.12 286
147.17 330
152.06 387
156.95 484
158.05 481
159.02 478
159.86 474
160.58 472
161.42 471
163.11 465
164.06 462
164.78 462
165.88 460
166.47 458
167.44 456
168.16 455
169.12 455
169.84 453
170.8 452
171.89 451
172.61 451
173.2 449
174.05 449
174.89 449
176.11 447
176.95 448
177.66 447
178.5 430
178.72 557
179.94 492
180.91 450
181.88 448
182.59 449
183.56 448
184.39 449
185.36 450
185.95 451
186.8 453
187.52 453
188.61 455
189.33 454
190.3 455
190.88 458
191.97 460
192.81 461
193.66 461
194.38 464
195.22 465
196.06 468
196.66 472
197.62 467
198.47 464
199.44 475
201.86 486
202.45 491
210.14 343
210.88 344
211.59 347
214.62 2506
215.48 2482
216.48 285
219.95 360
221.42 290
222.77 295
228.33 2231
234.88 3679
235.72 3756
236.45 3817
237.3 3920
238.14 4018
239 4113
248.39 260
252.44 231
253.36 256
256.3 250
256.52 260
275.64 5588
281.45 5934
282.31 5961
283.16 6022
298.45 6854
299.31 6894
300.16 6985
301.02 7027
306.25 3949
349.52 7180
350.36 7160
351.22 7155
351.78 7146
352.62 7150
353.45 7165
9.98 11816
10.84 11790
11.69 11816
16.81 13070
35.67 6355
38.25 6261
39.09 6095
44.38 5428
45.23 5231
46.09 5229
46.95 5364
47.81 5297
48.67 5244
49.53 5167
50.39 5175
51.25 5078
52.11 5200
57.23 4906
58.09 4850
60.66 4815
63.22 4817
64.08 4826
64.92 4830
65.78 4806
66.64 4808
67.48 4819
68.34 4802
69.2 4830
70.91 4859
71.77 4841
72.62 4808
73.47 4837
74.33 4848
75.19 4863
76.05 4029
76.89 3991
77.75 4837
78.61 4890
80.31 4886
88.91 4237
89.77 4283
90.62 4227
91.48 4222
93.2 4278
99.8 276
99.91 277
100.89 279
104.12 176
104.98 177
107.17 219
108.03 219
110.14 219
111 217
111.61 212
128.44 290
139.2 282
140.3 285
147.41 333
152.16 393
157.55 486
158.66 478
159.52 475
159.84 212
160.38 472
161.36 471
161.97 468
162.83 466
163.69 465
164.8 462
165.53 461
166.52 457
167.25 458
168.11 456
169.09 455
169.95 452
170.69 451
171.55 452
172.28 450
173.27 449
174.12 449
174.98 449
176.09 448
176.7 449
177.44 449
179.89 491
181.12 448
181.86 448
182.97 449
183.58 450
184.31 451
185.3 449
186.28 451
187.02 453
188 455
188.86 454
189.59 456
190.58 457
191.44 458
192.3 459
192.91 461
193.89 462
194.52 465
195.75 466
196.36 469
197.23 460
198.22 472
198.83 474
199.83 480
202.55 486
207.73 384
209.59 345
210.7 345
211.58 347
214.61 2498
215.48 2476
215.66 288
220.09 360
221.59 289
222.33 295
227.72 2261
234.39 3645
235.25 3689
236.12 3775
236.86 3850
237.86 3962
238.59 4050
239.45 4190
253.5 249
256.09 249
257.47 253
273.98 5901
275.84 5603
277.45 5848
281.8 5947
282.67 6011
297.45 6664
298.31 6792
299.19 6880
300.06 6962
300.92 7064
306.25 3949
349.42 7165
350.3 7160
351.16 7165
352.06 7155
352.91 7165
353.77 7442
355.47 13572
10.28 11816
11.16 11869
17.25 12694
38.17 6063
39.05 6109
44.41 5433
45.28 5213
46.14 5211
47.02 5329
47.89 5276
48.77 5226
49.64 5147
50.52 5155
51.39 5097
52.25 5193
57.47 4866
60.95 4815
61.81 4819
63.56 4828
64.42 4837
65.3 4821
66.17 4806
67.03 4817
67.91 4824
68.78 4835
69.64 4859
70.52 4859
71.39 4837
72.25 4866
73.12 4859
74 4848
74.86 4843
76.61 4017
77.47 4824
78.34 4868
80.08 4888
81.83 4883
87.92 4205
89.67 4225
90.55 4207
92.28 4220
93.16 4224
99.66 277
100.16 277
101.14 278
104.14 176
105.02 178
108.5 218
108.88 219
109.38 219
111.11 214
112.23 212
128.27 286
139.83 284
146.8 332
152.27 392
157.73 481
158.48 479
158.75 211
159.48 475
160.61 473
161.23 471
162.22 469
163.09 463
163.84 462
164.97 461
165.59 461
166.7 458
167.58 457
168.45 455
169.2 454
169.95 453
171.08 452
171.81 451
172.94 451
173.44 448
174.56 448
175.44 447
176.31 448
177.05 448
177.92 447
178.92 442
179.42 470
180.8 449
181.55 448
182.3 449
183.03 449
184.03 450
184.91 451
185.78 452
186.66 451
187.66 453
188.39 453
189.14 455
190.14 456
191.14 458
191.89 460
192.89 460
193.77 461
194.27 464
195.52 466
196.14 470
197.27 462
197.89 472
198.64 470
199.53 477
202.16 483
207.17 385
209.8 344
210.8 345
211.42 347
214.7 2511
215.81 288
220.33 359
221.7 291
223.2 295
227.11 2248
227.98 2277
228.22 284
229.48 284
234.77 3676
235.64 3739
236.52 3812
237.39 3915
238.16 4012
239.03 4103
250.92 229
255.58 253
268.81 5901
275.98 5606
276.73 5861
277.61 5845
282.02 5994
283.02 5991
283.77 6008
297.84 6796
298.72 6836
299.59 6912
300.48 6980
349.64 7160
350.52 7170
352.03 7136
352.89 7170
353.77 7401
355.5 13748
10.75 11790
11.64 11790
16.94 13005
38.14 6042
39.02 6091
44.45 5394
45.33 5198
46.22 5234
47.09 5329
47.98 5278
48.86 5213
49.75 5152
50.62 5095
51.52 5142
52.39 5218
57.7 4859
59.47 4824
63 4830
64.77 4837
65.64 4813
66.53 4793
67.41 4813
68.3 4813
69.17 4815
70.94 4846
71.83 4852
72.7 4832
73.59 4841
74.47 4863
75.36 4863
76.23 4038
77.12 3920
80.66 4895
85.06 4167
86.83 4187
90.36 4229
93 4222
100.66 277
104.03 176
104.92 177
108.19 219
108.7 219
109.33 219
109.84 216
110.97 212
127.86 289
139.2 280
140.08 283
152.33 387
157.53 479
158.28 478
159.17 475
159.62 209
160.05 472
160.94 470
161.95 468
162.83 464
163.84 463
164.73 460
165.48 460
166.62 458
167.38 456
168.39 454
169.16 454
170.03 454
170.8 452
171.94 450
172.69 451
173.7 450
174.58 448
175.34 447
176.23 448
177.23 447
178 446
179.14 442
179.52 477
181.78 448
182.42 448
183.56 449
184.44 449
185.33 451
186.09 450
186.97 452
187.86 453
188.73 454
189.38 454
190.27 456
191.39 458
192.28 458
193.05 460
194.05 462
194.94 465
195.56 469
196.58 470
197.34 461
198.34 460
199.11 476
200.12 480
202.66 488
209.89 346
210.78 345
212.05 349
214.39 2501
215.28 2482
215.47 282
216.36 288
221.69 289
222.45 295
226.98 2249
227.88 2283
228.17 284
228.94 287
234.75 3677
235.64 3739
236.53 3816
237.3 3925
238.19 4014
239.08 4129
256.05 252
256.78 250
275.64 5585
277.3 5901
278.19 5901
280.86 5937
281.75 5977
282.66 6025
283.53 6049
298.67 6836
299.56 6885
300.45 6994
349.41 7160
350.3 7170
351.17 7146
351.39 7150
352.27 7112
353.14 7150
354.02 7511
10.75 11790
11.64 11790
17.02 13070
35.84 6302
37.64 5954
38.53 6095
39.42 5897
44.91 5430
45.81 5229
46.7 5356
47.59 5310
48.48 5252
49.39 5187
50.28 5167
51.17 5110
52.06 5211
57.44 4895
61 4839
61.91 4841
63.69 4841
64.58 4795
65.48 4785
66.38 4802
67.27 4832
68.16 4817
69.05 4811
70.83 4837
71.73 4832
72.62 4826
73.52 4828
74.41 4832
75.3 4863
76.19 4049
77.09 3971
77.98 4854
78.88 4872
79.77 4877
80.66 4919
85.12 4180
86.02 4172
86.91 4187
87.8 4192
91.38 4215
93.16 4309
98.81 276
100.2 277
100.59 280
104.23 176
105.12 179
108.7 218
108.97 219
109 218
111.39 212
112.28 213
127.42 285
133.28 310
140.14 285
147.28 337
152.25 383
152.64 390
157.5 486
158.39 480
159.41 475
160.17 471
161.08 471
161.84 468
162.86 465
163.88 464
164.66 461
165.67 462
166.44 458
167.58 457
168.36 454
169.12 455
170.14 454
171.03 452
171.94 451
172.95 450
173.72 448
174.73 449
175.39 449
176.41 447
177.3 448
179.86 485
181 448
181.77 448
182.92 448
183.56 449
184.59 449
185.48 450
186.39 452
187.03 454
188.06 455
188.83 454
189.73 455
190.88 457
191.66 459
192.55 461
193.33 462
194.09 465
195 466
196.14 468
196.8 470
197.81 470
198.84 467
199.73 477
202.19 486
207.55 384
210.09 344
210.5 345
211.39 349
215.08 2480
215.73 288
222.12 285
222.41 294
227.78 2282
234.72 3670
235.62 3727
236.39 3823
237.42 3911
238.19 4011
239.09 4121
254.45 246
255.78 248
257.3 256
269.59 5901
276.03 5603
276.94 5881
281.31 5944
282.22 5988
298.44 6840
299.33 6867
300.23 6971
301.12 7050
349.67 7170
350.58 7160
352.06 7155
352.95 7180
353.84 7422
11.28 11790
37.59 5950
38.38 6220
39.39 5957
44.81 5422
45.72 5239
46.62 5367
47.53 5313
48.44 5262
49.34 5203
50.25 5167
51.14 5115
52.05 5216
57.47 4870
63.78 4828
64.69 4826
65.59 4798
66.5 4798
67.39 4821
68.3 4813
69.2 4817
70.11 4843
71 4848
71.91 4859
72.81 4843
73.72 4828
74.62 4857
76.42 4023
79.14 4866
80.03 4888
81.84 4915
86.34 4195
89.95 4224
91.75 4205
100.33 277
100.36 277
103.77 176
104.66 175
105.09 238
108.02 219
109.05 219
110.06 219
110.75 212
110.97 217
126.89 285
128.66 295
133.19 302
139.73 284
146.98 336
151.78 384
157.34 486
158.5 479
159.02 209
159.53 474
160.42 472
161.2 471
162.11 468
163.02 465
164.17 463
164.94 461
165.72 460
166.88 458
167.78 457
168.44 455
169.58 453
170.48 454
171.27 452
172.41 452
173.31 450
174.09 449
175 449
175.77 448
176.8 449
177.58 449
178.84 435
179.62 441
180.28 450
181.19 449
182.33 447
182.98 449
184.14 450
184.91 451
185.69 452
186.72 451
187.62 454
188.39 454
189.55 455
190.2 456
190.97 459
192.12 460
192.91 460
193.81 462
194.83 465
195.48 470
196.52 468
197.3 461
198.45 458
199.23 475
202.5 489
207.27 379
209.58 349
210.61 345
211.16 346
214.8 2511
215.66 287
216.2 292
220.38 361
221.17 2308
222.66 292
227.66 2291
229.16 282
234.67 3673
235.58 3725
236.36 3805
237.27 3904
238.17 4026
239.08 4116
254.5 249
255.47 249
256.38 255
272.59 5901
275.45 5591
276.36 5553
278.06 5901
280 5940
281.7 5961
282.61 6067
283.52 6077
298.02 6840
298.92 6845
299.83 6903
300.73 7013
306.3 3940
308.89 7603
349.75 7180
350.66 7170
351.47 7150
352.38 7146
353.27 7194
10.59 11751
11.52 11790
16.98 12633
36.12 6504
37.95 6008
38.86 6060
44.44 5419
45.36 5216
46.27 5273
47.17 5326
48.08 5278
49 5221
49.91 5155
50.81 5107
51.72 5375
52.64 5234
58.09 4859
61.73 4821
63.56 4859
64.47 4839
65.38 4789
66.28 4793
67.2 4828
68.11 4800
69.92 4843
70.83 4859
71.73 4852
72.66 4837
73.56 4848
74.47 4861
75.38 4859
76.28 4006
79.02 4883
79.92 4888
81.75 4904
89.02 4222
91.75 4219
100.88 277
103.8 176
104.7 176
105.14 237
108.33 219
109.23 219
110.14 219
110.19 216
111.97 212
127.25 285
133.86 303
139.19 280
140.72 283
146.98 330
152.22 392
157.17 486
158.08 483
159.11 476
159.89 473
160.67 473
161.83 469
162.73 467
163.52 466
164.55 463
165.33 461
166.36 458
167.28 457
168.19 457
169.09 453
170.25 451
170.91 452
171.94 451
172.97 451
173.62 448
174.66 448
175.69 448
176.34 447
177.52 448
178.3 446
181.02 450
181.8 448
182.95 449
183.61 450
184.39 450
185.42 450
186.47 451
187.12 452
188.3 455
189.2 455
190.12 455
190.78 458
191.7 460
192.73 461
193.53 462
194.56 465
195.48 466
196.39 471
197.19 458
197.97 472
199.14 474
199.92 479
202.55 489
206.95 385
209.16 354
210.06 345
211.36 345
214.78 2508
216.14 287
216.67 292
219.98 360
221.31 2295
222.41 292
227.7 2270
229.05 282
234.77 3672
235.67 3732
236.47 3815
237.38 3927
238.3 4029
239.2 4137
250.56 230
253.31 253
255.52 249
256.67 252
270.16 5901
271.08 5901
275.78 5606
277.61 5832
281.28 5940
282.06 5977
282.98 6015
298.56 6854
299.48 6854
300.41 6999
305.09 3976
306 3972
349.7 7184
350.61 7175
351.56 7170
352.47 7160
353.38 7199
10.73 11790
11.66 11790
17.16 12832
38.25 6298
39.16 6046
44.78 5473
45.7 5242
46.62 5370
47.53 5310
48.45 5252
49.38 5172
50.28 5147
51.2 5073
52.12 5198
57.62 4859
59.45 4819
60.38 4817
62.2 4819
63.12 4804
64.03 4808
64.95 4824
65.88 4830
66.78 4835
68.62 4852
69.53 4848
70.45 4841
71.38 4859
72.3 4854
73.2 4863
74.12 4841
75.05 4848
75.95 4055
76.88 4006
77.8 4854
78.7 4877
80.55 4890
85.12 4164
86.05 4184
86.97 4202
87.88 4209
88.8 4199
90.62 4215
91.53 4202
92.45 4212
93.36 4239
99.03 277
100.19 277
103.61 174
104.52 175
104.72 237
107.3 219
109.09 219
110 219
110.92 217
111.83 212
127.61 284
139.23 280
140.52 284
146.7 330
152.86 383
157.22 486
158.39 478
159.31 475
160.09 474
161.14 470
162.05 468
162.97 464
163.89 463
164.67 461
165.84 460
166.5 458
167.55 457
168.59 455
169.38 454
170.42 453
171.2 452
172.12 451
173.05 451
173.95 449
175 448
175.78 447
176.95 449
177.62 448
178.78 434
179.7 443
180.48 450
181.41 448
182.2 448
183.23 448
184.03 450
184.95 451
185.98 451
187.03 452
187.69 453
188.61 453
189.66 454
190.44 455
191.23 459
192.28 460
193.06 461
194.23 463
195.02 465
195.94 469
196.98 470
197.64 465
198.69 463
199.36 476
202.09 483
207.81 386
209.77 343
210.69 344
211.61 349
215.34 2480
215.48 288
216.66 287
222.3 289
222.84 295
227.42 2259
228.33 2235
228.36 285
229.66 286
234.52 3636
235.44 3705
236.36 3812
237.16 3885
238.08 4008
238.98 4089
252.89 248
255.52 249
256.19 257
275.78 5580
277.5 5868
281.19 5947
282.11 5954
283.03 6022
298.67 6836
299.59 6876
300.52 6985
306.14 3940
349.22 7263
350.14 7160
351.06 7150
351.53 7155
352.44 7136
353.34 7209
10.44 11790
11.36 11790
16.89 12679
39.09 6098
44.77 5433
45.69 5244
46.62 5367
47.55 5313
48.47 5252
49.39 5180
50.33 5152
51.25 5115
52.17 5198
57.72 4868
58.64 4859
60.48 4811
61.41 4815
62.34 4811
63.27 4787
64.19 4808
65.11 4813
66.03 4832
66.95 4828
67.88 4830
69.73 4859
70.66 4837
71.58 4837
72.5 4824
73.42 4839
74.36 4854
75.28 4859
76.2 4046
77.12 3940
81.75 4901
89.16 4304
90.08 4291
91.92 4209
92.86 4184
100.45 277
100.5 277
104.05 176
104.98 177
108.69 218
109.61 218
109.66 218
111.45 212
112.38 213
127.44 283
134.38 381
140.19 279
140.23 284
146.89 332
157.56 486
158.36 478
159.28 475
160.22 472
161.14 470
163.38 466
164.17 463
164.97 461
166.16 460
166.95 458
167.88 456
168.94 455
169.73 453
170.78 450
171.47 451
172.52 450
173.44 450
174.36 450
175.3 449
176.47 448
177.39 447
178.31 446
180.84 450
181.89 448
182.7 449
183.62 450
184.55 450
185.59 451
186.41 452
187.33 454
188.38 455
189.17 455
190.23 456
191.16 459
191.83 460
193 461
193.94 462
194.73 464
195.66 467
196.45 470
197.64 462
198.19 461
199.36 474
202.02 484
207.44 386
210.06 344
210.75 344
211.67 349
214.47 2491
215.41 2484
215.86 288
215.91 288
219.95 362
222.39 289
222.45 295
234.89 3677
235.81 3753
236.75 3830
237.56 3953
238.48 4047
239.42 4163
252.52 227
253.33 258
255.06 250
256 252
270.11 5901
275.84 5612
277.59 5855
280.52 5950
281.33 5961
282.27 6011
283.19 6015
298.12 6805
299.06 6840
300 6948
300.94 7036
349.44 7184
350.38 7165
351.98 7155
352.91 7141
353.83 7485
17.5 12633
38.25 5991
39.06 6074
44.81 5458
45.75 5242
46.69 5359
47.62 5313
48.55 5255
49.48 5167
50.42 5170
51.36 5112
52.3 5211
57.92 4859
60.73 4841
64.47 4841
65.41 4817
66.34 4815
67.28 4793
68.22 4817
69.16 4830
70.09 4830
71.03 4859
71.97 4859
72.91 4835
73.84 4863
74.78 4877
76.66 4008
78.52 4859
79.45 4883
80.39 4931
85.08 4187
86.02 4179
86.95 4189
87.88 4192
88.81 4190
89.75 4197
90.69 4239
91.62 4239
93.5 4293
99.31 277
100.75 277
103.81 176
104.75 176
107.48 219
109.42 219
110.36 218
111.3 214
112.23 212
127.38 284
140.03 280
147.47 335
151.97 388
156.97 485
158.16 481
159.09 478
159.78 474
159.97 212
160.97 471
161.78 468
162.72 467
163.91 463
164.72 460
165.53 461
166.47 458
167.53 457
168.34 455
169.66 454
170.59 453
171.52 452
172.33 451
173.27 450
174.33 450
175.14 449
175.95 448
177.02 448
177.83 448
178.89 440
179.58 464
180.5 449
181.81 448
182.62 449
183.31 449
184.25 450
185.44 450
186.25 451
187.31 454
188.12 454
188.94 456
190.25 455
191.05 458
191.73 460
192.8 460
193.61 462
194.55 466
195.36 469
196.67 471
197.36 463
198.42 461
199.23 476
201.94 488
207.66 393
209.81 343
210.75 344
211.7 350
214.7 2514
215.28 287
216.48 288
220.34 361
221.78 293
227.12 2248
227.72 287
228.08 2267
229.16 278
234.42 3631
235.38 3701
236.31 3786
237.27 3891
238.08 4014
239.02 4100
253.64 253
255.66 250
275.88 5597
276.7 5848
277.77 5829
280.61 5930
281.56 5957
282.38 6032
283.33 6053
297.47 6685
298.42 6810
299.36 6872
300.3 6985
305.14 3965
306.2 3975
349.36 7160
350.31 7155
351.31 7155
352.25 7150
353.19 7249
354.11 7517
35.72 6390
37.62 5964
38.56 6088
39.52 5901
44.38 5397
45.33 5226
46.28 5260
47.22 5315
48.17 5276
49.12 5208
50.06 5145
51.02 5090
51.95 5242
52.91 5205
57.64 4859
59.55 4824
62.39 4813
63.33 4813
64.28 4808
66.17 4806
67.12 4808
68.08 4821
69.02 4806
69.97 4832
70.92 4841
71.86 4830
72.81 4854
73.77 4852
74.7 4859
75.66 4866
76.61 4064
77.55 4835
78.5 4859
80.39 4883
85.11 4154
86.06 4176
87 4185
87.95 4207
89.84 4219
99.31 278
101 277
103.95 176
104.89 177
108.67 218
108.88 219
109.31 218
111.45 214
111.52 212
127.53 287
133.2 304
139.94 285
147.12 331
151.81 381
157.7 481
158.78 478
159.11 209
159.84 474
160.8 472
161.62 471
162.44 468
163.77 463
164.59 462
165.66 460
166.61 458
167.44 458
168.25 454
169.33 454
170.53 454
171.34 452
172.17 452
173.25 448
174.19 450
175 449
176.08 449
177.14 447
177.84 447
178.91 440
179.84 468
180.67 449
181.61 448
182.69 449
183.62 450
184.31 449
185.27 450
186.45 451
187.16 453
188.34 453
189.16 454
190.11 456
191.05 459
192.12 460
193.06 462
193.88 463
194.95 466
195.52 468
196.59 470
197.53 465
198.59 463
199.55 476
210.19 346
211.14 346
215.05 2486
215.47 288
221.83 288
222.16 294
227.61 2259
228.66 284
234.98 3679
235.94 3766
236.77 3826
237.72 3965
238.67 4052
239.62 4214
247.2 260
248.11 259
253.48 253
256.47 251
256.67 254
275.84 5585
277.77 5884
279.67 5920
281.58 5950
282.41 6025
283.36 6060
298.62 6840
299.58 6885
300.52 7004
306.36 3959
349.95 7170
350.91 7150
351.25 7170
352.2 7160
353.14 7150
354.09 7527
35.77 6309
37.67 5974
38.64 6067
44.5 5408
45.45 5221
46.41 5305
47.36 5334
48.31 5252
49.28 5185
50.23 5132
51.19 5117
52.14 5203
57.88 4859
59.78 4830
61.69 4821
62.64 4815
64.56 4830
65.52 4828
66.47 4791
67.42 4811
68.38 4826
69.33 4826
70.28 4850
71.23 4848
72.19 4828
73.14 4852
74.09 4852
75.06 4859
76.02 4002
76.97 4000
79.83 4861
93.19 4217
99.77 276
100.09 277
101.3 284
104.5 175
104.53 236
107.19 219
109.27 219
109.72 219
111.17 214
111.5 212
127.72 285
139.97 285
146.97 330
152.19 383
157.88 481
158.95 478
159.75 209
159.91 475
160.73 472
161.94 468
162.77 466
163.48 463
164.56 462
165.52 462
166.59 459
167.67 456
168.38 454
169.33 455
170.41 453
171.38 451
172.33 451
173.41 449
174.11 450
175.44 449
176.27 449
177.34 448
178.3 446
179.14 443
179.97 480
181.05 450
182.12 449
182.97 449
183.92 450
184.88 452
185.58 451
186.67 451
187.62 453
188.7 455
189.67 455
190.5 456
191.33 458
192.41 461
193.38 462
194.45 463
195.16 466
196 469
198.86 472
199.7 480
202.7 490
207.53 382
209.94 345
210.53 345
211.48 353
214.69 2508
215.61 289
216.94 288
220.36 359
222.56 292
227.28 2252
228.23 2265
228.69 282
229.66 282
234.69 3663
235.66 3723
236.61 3813
237.45 3927
238.41 4021
239.36 4167
251.5 226
256.8 247
257.12 256
273.78 5901
275.83 5594
276.67 5871
277.75 5835
279.55 5927
280.52 5934
281.59 5940
282.44 6011
283.39 6046
298.77 6845
299.72 6898
300.67 7022
304.64 4005
349.52 7155
350.47 7150
351.86 7146
352.81 7150
353.77 7390
355.67 13748
10.59 11790
11.56 11790
17.33 12724
37.5 5901
38.47 6084
39.42 5901
44.36 5397
45.31 5205
46.28 5257
47.25 5318
48.2 5265
49.17 5193
50.12 5145
51.09 5100
52.05 5223
57.81 4859
65.5 4846
66.47 4806
68.39 4826
69.34 4835
72.22 4835
73.19 4850
74.14 4841
75.11 4859
76.06 4015
77.03 3982
79.91 4881
80.86 4888
81.83 4917
85.66 4169
90.47 4219
93.34 4224
99.55 276
99.89 278
103.72 175
104.67 175
106.59 238
108.52 219
109.31 218
109.47 219
111.39 213
112.34 213
128.08 290
133.81 302
140.06 280
140.52 279
147.17 336
152.16 394
157.53 483
158.23 478
159.45 475
160.28 472
161.5 472
162.33 469
163.17 465
164.38 463
165.34 459
166.05 459
167.02 459
167.97 457
169.06 456
170.14 454
171.11 452
171.94 451
172.89 450
173.86 449
174.94 448
176.03 447
176.73 447
177.83 448
179.03 436
179.62 449
180.7 450
181.67 448
182.62 448
183.59 450
184.42 450
185.64 449
186.59 451
187.31 452
188.39 454
189.23 453
190.2 456
191.28 459
192.25 459
193.09 460
194.05 462
195.02 464
195.73 469
196.69 470
198.03 469
199 467
199.7 476
202.61 488
207.45 381
209.89 346
210.47 346
211.31 349
214.56 2488
215.53 2477
216.8 288
219.98 359
221.31 2300
222.45 291
227.23 2243
228.06 2269
228.95 279
234.7 3664
235.66 3724
236.5 3815
237.47 3927
238.44 4027
239.39 4161
251.31 227
255.52 248
257.48 254
270.19 5901
276.11 5627
276.95 5878
280.92 5930
281.89 5940
282.72 6029
283.69 6053
298.12 6832
299.09 6845
300.06 6953
301.02 7041
305 3969
305.95 3940
350.11 7165
351.06 7160
351.42 7165
352.38 7146
353.33 7199
11.25 11790
17.06 12863
38.38 6246
39.47 5957
44.3 5425
45.27 5223
46.22 5229
47.19 5321
48.16 5273
49.12 5200
50.09 5145
51.05 5087
52.02 5231
57.81 4859
61.67 4806
63.61 4828
64.58 4826
65.55 4819
66.5 4800
67.47 4821
68.44 4841
69.41 4830
70.38 4835
71.34 4859
72.3 4859
73.27 4852
74.23 4854
75.2 4877
76.17 4043
77.25 3960
78.09 4874
81.95 4919
86.8 4190
90.66 4215
91.62 4224
93.55 4230
100.86 277
103.95 176
104.91 176
107.78 218
109.75 218
110.7 217
110.78 211
111.88 215
127.16 288
128.23 296
140.39 282
147.23 328
158.02 481
158.98 478
159.75 209
159.81 474
160.91 472
161.88 470
162.72 467
163.8 463
164.89 461
165.61 460
166.83 458
167.78 457
168.75 455
169.7 454
170.55 452
171.62 452
172.47 451
173.55 449
174.27 449
175.34 448
176.44 448
177.39 447
180.03 492
181.23 449
182.08 447
183.17 450
184 450
185.09 451
186.05 450
187.02 452
187.72 453
188.69 453
190.02 454
190.61 457
191.69 461
192.53 462
193.48 462
194.45 465
195.53 467
196.5 470
197.47 460
198.56 460
199.16 475
202.06 485
209.97 346
211.31 345
212.28 349
215.19 2484
215.81 286
222 289
222.84 294
227.91 2254
234.44 3634
235.41 3697
236.38 3793
237.22 3904
238.19 4009
239.16 4118
250.72 230
254.38 260
256.78 257
256.94 248
275.98 5585
276.83 5858
277.8 5897
280.7 5917
281.67 5954
282.64 6039
283.61 6060
298.11 6867
299.08 6858
300.05 6917
301 7022
349.27 7289
350.22 7170
352.03 7175
352.98 7165
353.95 7506
10.53 11790
11.5 11790
17.31 12694
37.67 5937
38.64 6070
44.58 5433
45.55 5205
46.52 5326
47.48 5310
48.45 5242
49.42 5172
50.39 5145
51.38 5105
52.33 5187
58.14 4859
61.05 4848
62 4830
64.91 4826
65.88 4789
66.84 4783
67.81 4832
68.78 4839
69.75 4859
70.72 4821
71.69 4832
72.64 4804
73.61 4835
74.58 4859
76.52 4000
79.42 4870
80.39 4874
85.22 4146
88.11 4224
89.08 4239
90.05 4229
91.98 4227
92.94 4192
100.72 279
104.31 176
105.28 176
105.36 230
108.17 219
109.02 219
110.11 219
111.06 217
112.03 212
128.25 287
132.92 310
140.05 284
140.22 279
147.03 336
152.45 392
157.52 484
158.48 478
159.33 475
160.42 474
161.39 471
163.31 466
164.53 463
165.38 459
166.22 459
167.31 457
168.28 455
169.38 453
170.34 454
171.31 452
172.28 450
173.25 451
174.09 450
175.19 449
176.28 448
177.12 448
178.09 447
178.94 442
179.78 478
180.88 449
181.84 448
183.06 449
184.03 451
184.62 451
185.97 451
186.56 451
187.66 454
188.75 453
189.72 454
190.44 457
191.41 458
192.38 460
193.34 461
194.44 464
195.41 466
196.25 471
197.47 459
198.31 463
199.03 476
200.12 483
201.81 489
209.98 344
211.33 344
211.92 350
215.09 2482
215.45 287
222.17 288
222.89 294
227.86 2250
228.47 283
234.41 3639
235.38 3693
236.34 3793
237.2 3883
238.17 4008
239.14 4113
251.97 230
253.02 259
256.06 254
256.95 250
276.08 5594
276.92 5845
279.84 5937
280.81 5934
281.8 5984
282.77 6011
283.73 6056
297.34 6727
298.31 6818
299.3 6863
300.27 6976
306.22 3900
349.75 7155
350.72 7155
351.19 7146
352.16 7146
353.12 7184
354.09 7506
16.92 12648
36.38 6508
38.31 6257
39.3 5961
44.28 5405
45.27 5236
46.23 5242
47.2 5307
48.19 5255
49.16 5211
50.12 5155
52.08 5236
57.92 4859
63.77 4848
64.73 4826
65.7 4808
66.67 4800
67.64 4828
68.61 4846
69.59 4848
70.56 4859
71.53 4859
72.5 4837
73.47 4839
74.45 4852
76.39 4018
78.33 4868
79.31 4874
85.14 4150
86.11 4180
87.08 4199
88.05 4215
89.02 4237
92.91 4240
99.73 278
100.95 278
104.3 176
104.86 235
105.27 179
108.17 218
109.14 219
109.61 219
111.08 217
112.05 212
128.09 288
133.55 303
139.98 280
140.58 279
147.47 336
152.78 390
157.72 486
158.81 478
159.55 475
160.64 472
161.73 470
162.7 467
163.8 464
164.52 463
165.36 462
166.45 458
167.67 457
168.39 454
169.73 456
170.45 452
171.42 450
172.27 451
173.36 450
174.33 448
175.17 449
176.52 448
177.48 448
178.2 446
179.3 442
180.02 481
181.23 449
182.2 448
183.3 449
184.14 449
184.98 451
185.83 451
187.05 452
187.89 452
189.11 453
189.95 456
190.67 458
191.77 460
192.86 462
193.84 462
194.56 465
195.8 468
196.52 468
197.61 463
198.72 461
199.44 476
202.36 485
209.59 356
210.19 346
211.55 347
214.48 2493
215.47 2477
216.69 288
220.31 358
221.31 2312
222.05 291
227.3 2238
228.28 2243
229.38 281
234.86 3674
235.83 3753
236.81 3830
237.66 3966
238.64 4050
239.61 4184
252.92 250
255.86 252
256.25 245
274.64 5901
275.75 5594
277.7 5842
280.5 5934
281.48 5971
282.45 6025
298.03 6836
299.02 6872
299.98 6953
300.95 7055
349.67 7180
350.64 7175
351.69 7175
352.66 7165
353.62 7273
355.56 13624
11.08 11790
16.91 13249
38.39 6265
39.48 5957
44.38 5419
45.34 5211
46.33 5247
47.3 5315
48.27 5252
49.25 5190
50.22 5150
51.19 5075
52.17 5195
58.02 4859
60.94 4824
63.86 4824
64.84 4832
65.81 4802
66.78 4813
67.77 4835
68.73 4848
69.72 4863
70.69 4852
71.66 4826
72.64 4815
73.61 4832
74.58 4859
76.53 4050
80.42 4879
88.22 4219
89.19 4232
93.08 4220
99.17 276
99.91 277
101.12 282
104.47 176
104.8 236
107.86 219
109.34 219
110.31 218
110.78 214
111.12 212
127.84 291
140.12 282
147.03 329
152 384
158.2 481
158.89 211
159.05 476
160.14 473
161 471
161.97 468
163.06 465
163.92 464
165.14 460
166.12 459
167.09 458
168.06 457
168.8 456
169.89 453
170.98 452
171.97 451
172.94 451
173.8 448
174.77 449
175.73 449
176.7 449
177.67 449
178.64 436
179.75 451
180.59 449
181.56 449
182.66 448
183.38 450
184.48 450
185.33 450
186.55 452
187.52 452
188.48 455
189.34 454
190.31 456
191.28 457
192.38 460
193.34 462
194.06 463
195.17 467
196.02 469
196.98 465
197.95 475
198.8 473
199.91 479
201.72 486
202.94 490
207.34 383
209.8 344
210.66 344
211.64 349
214.98 2487
215.7 287
216.8 288
222.08 289
222.31 294
227.84 2248
228.56 287
234.45 3650
235.44 3701
236.28 3794
237.27 3904
238.23 4009
239.22 4132
248.64 260
251.2 226
256.56 256
257.45 248
276.33 5582
278.16 5897
279.14 5917
280.12 5937
281.09 5927
282.08 5998
298.69 6863
299.66 6894
300.64 6980
304.66 3990
349.31 7170
350.28 7170
351.62 7150
352.59 7136
353.56 7194
355.52 13730
10.75 11790
11.73 11790
38.09 5977
39.08 6074
45.06 5292
46.05 5244
47.02 5329
48 5281
48.97 5211
49.95 5147
50.92 5087
51.91 5273
52.88 5193
57.77 4859
58.73 4859
63.62 4830
64.59 4837
65.58 4828
66.55 4787
67.53 4804
68.5 4828
69.47 4843
70.45 4859
71.42 4848
72.41 4843
73.38 4835
74.36 4843
75.33 4859
76.31 4041
79.23 4866
80.2 4870
85.08 4172
86.06 4182
87.03 4200
88.02 4194
88.98 4189
91.92 4219
100.81 279
104.28 176
105.25 179
109.16 219
110.12 219
110.83 212
111.09 217
127.58 289
133.27 302
139.47 281
157.62 483
158.84 478
159.7 210
159.83 474
160.67 472
161.78 468
162.62 466
163.59 464
164.83 461
165.92 460
166.66 458
167.75 457
168.84 454
169.7 453
170.67 452
171.78 451
172.75 452
173.84 450
174.58 449
175.55 449
176.78 447
177.62 447
178.47 432
179.58 441
180.55 450
181.41 449
182.5 449
183.22 450
184.45 449
185.3 449
186.28 452
187.12 453
188.36 454
189.08 453
190.31 456
191.03 459
192.14 459
193.11 461
194.22 462
195.08 466
196.17 468
196.91 465
197.88 471
199.11 470
199.84 479
202.52 492
207.69 385
210.14 343
211 345
211.72 349
214.94 2510
215.91 288
216.52 288
221.78 286
222.62 294
227.78 2250
228 287
234.38 3642
235.36 3687
236.2 3788
237.31 3892
238.17 4006
239.14 4113
251.77 231
256.03 250
256.77 255
274.3 5901
276.38 5562
278.22 5901
279.2 5911
280.17 5914
281.28 5940
282.12 6005
298.75 6814
299.72 6898
300.7 7004
349.55 7184
350.53 7150
351.25 7150
352.22 7160
353.2 7180
16.92 12558
38.47 6063
39.45 5901
44.48 5400
45.45 5231
46.44 5289
47.42 5310
48.39 5242
49.38 5170
50.36 5145
51.33 5075
52.31 5195
58.19 4859
60.16 4835
61.12 4808
64.06 4830
65.05 4808
66.03 4813
67 4821
67.98 4817
68.97 4835
70.92 4841
71.91 4830
72.88 4835
73.86 4859
75.83 4859
76.8 3999
79.73 4879
80.7 4883
81.69 4899
85.59 4169
86.56 4172
90.47 4229
99.88 277
101.11 277
103.83 176
104.81 176
107.34 218
109.69 218
110.67 217
111.64 211
112.62 215
127.19 285
139.28 280
140.75 283
147.44 336
152.31 394
157.81 482
158.78 479
159.52 474
160.73 472
161.72 469
163.55 465
164.78 462
165.5 460
166.61 458
167.47 457
168.69 455
169.67 455
170.39 451
171.5 451
172.48 451
173.7 450
174.55 450
175.53 448
176.38 447
177.48 448
179.78 558
181.38 449
182.48 448
183.33 449
184.31 450
185.16 451
186.14 451
187.11 454
188.22 454
189.19 455
190.16 455
191.14 458
191.73 461
193.09 461
193.81 462
194.67 465
195.89 470
196.73 470
197.97 468
198.69 467
199.67 477
202.59 488
207.28 385
210 345
210.73 346
211.47 349
214.86 2504
216.05 288
216.66 288
221.08 289
222.56 294
227.78 2243
228.97 287
234.41 3640
235.39 3691
236.38 3792
237.23 3898
238.22 4009
239.2 4126
251.47 231
256.38 256
256.89 249
269.55 5901
275.58 5547
277.42 5848
279.39 5917
281.36 5937
282.34 6018
283.33 6035
298.08 6814
299.05 6845
300.03 6953
301.02 7055
305.05 3954
306.16 3921
349.97 7184
350.94 7160
351.5 7160
352.48 7175
353.45 7180
355.41 13748
11.55 11790
17.44 12679
38.09 5998
39.08 6063
45.11 5262
46.09 5221
47.08 5329
48.06 5284
49.05 5218
50.03 5152
51.02 5083
52 5242
57.91 4859
60.86 4824
64.78 4835
65.75 4798
66.73 4821
67.72 4835
68.7 4832
69.69 4859
70.66 4859
71.64 4837
72.62 4806
73.61 4843
74.58 4850
75.56 4859
76.55 4052
79.48 4879
80.47 4874
88.31 4235
89.3 4297
90.28 4291
99.45 276
100.06 277
103.66 174
104.64 175
106.11 238
107.44 219
107.58 224
108.3 219
110.52 218
111.5 212
112.48 214
127.75 284
139.64 279
140.25 284
147.34 336
152.34 391
157.73 484
158.83 478
159.81 475
160.66 472
161.64 471
162.88 467
163.59 464
164.7 461
165.81 460
166.66 458
167.64 457
168.75 455
169.72 453
170.7 452
171.69 451
172.66 450
173.64 450
174.5 449
175.59 449
176.45 447
177.56 447
178.53 435
179.77 421
180.38 450
181.47 449
182.45 448
183.44 449
184.28 451
185.52 451
186.38 452
187.34 453
188.2 455
189.06 455
190.3 456
191.03 459
192.27 460
193.12 462
194.23 463
195.09 465
195.83 468
197.06 465
198.05 472
198.78 471
199.77 479
202.59 490
207.42 388
210.27 343
210.75 344
212.23 349
215.12 2489
215.69 287
221.97 288
222.72 294
228.06 2252
234.72 3669
235.7 3733
236.69 3816
237.55 3931
238.53 4027
239.53 4180
248.48 260
253.41 251
255.75 259
268.98 5901
276.02 5594
276.88 5868
280.95 5950
281.8 5961
282.78 6008
283.77 6025
297.55 6766
298.53 6818
299.52 6903
300.5 7032
306.53 3940
349.69 7180
350.67 7155
351.92 7155
352.89 7180
353.88 7463
10.36 11790
11.34 11790
17.25 12694
35.98 6276
37.95 5974
38.95 6070
44.98 5326
45.97 5213
46.97 5359
47.95 5289
48.94 5231
49.92 5142
50.91 5095
51.89 5294
52.88 5218
57.8 4859
58.78 4850
60.75 4826
61.73 4815
62.72 4835
63.7 4846
65.67 4813
66.66 4802
67.64 4841
68.62 4854
69.61 4826
70.59 4835
71.58 4832
72.56 4808
73.55 4832
74.53 4859
76.5 4003
78.48 4872
90.28 4234
99.09 277
100.06 277
103.67 174
104.66 175
108.84 219
109.44 218
109.58 219
110.42 212
112.53 214
127.59 285
139.62 279
140.23 283
157.78 481
158.89 476
159.7 209
159.75 474
160.86 471
161.97 468
162.95 465
163.94 463
164.92 462
165.78 460
166.77 458
168.12 456
168.73 454
169.84 454
170.83 452
171.94 450
172.92 451
173.91 449
174.89 449
175.88 447
176.86 449
177.84 448
178.83 437
179.81 457
180.55 450
181.78 448
182.64 449
183.5 450
184.61 450
185.72 450
186.47 451
187.83 453
188.69 455
189.42 456
190.41 456
191.39 459
192.5 460
193.36 461
194.47 465
195.33 465
196.31 470
197.56 459
198.55 460
199.41 475
202.23 487
210.27 347
211.62 346
214.55 2485
215.53 2476
215.83 287
219.91 358
221.77 291
227.39 2256
228.52 2210
228.69 283
229.69 283
230.05 288
235.17 3679
236.17 3775
237.03 3867
238.02 3985
239 4100
252.44 225
253.16 259
255.5 249
256.86 256
275.58 5553
277.42 5810
279.53 5920
280.39 5917
281.38 5937
282.38 5998
298.19 6823
299.19 6858
300.17 6930
301.16 7013
305.23 3957
306.22 3985
349.5 7175
350.48 7160
351.66 7150
352.64 7122
353.62 7258
355.59 13659
17.12 12942
35.91 6298
37.89 5974
38.88 6063
44.95 5400
45.94 5229
46.92 5356
47.92 5289
48.91 5221
49.91 5155
50.89 5085
51.88 5294
52.88 5198
57.83 4859
59.8 4841
60.8 4824
63.77 4843
64.75 4835
65.75 4804
66.73 4813
67.72 4835
68.7 4843
69.69 4848
70.67 4852
71.67 4852
72.66 4813
73.64 4843
74.62 4866
76.61 4061
78.58 4870
80.55 4888
93.39 4279
99.75 276
100.86 277
103.84 176
104.84 176
108.78 218
109.5 218
109.77 218
111.73 211
112.72 216
128.33 287
133.88 302
139.53 282
146.91 330
152.31 385
157.22 485
158.08 481
159.12 211
159.19 474
160.05 473
161.16 470
162.39 468
163.14 465
164.25 462
165.11 460
166.09 460
167.2 458
168.31 457
169.05 456
170.28 454
171.14 452
172 451
173.11 449
174.22 450
175.2 450
176.19 449
177.3 447
178.03 447
179.14 443
180 480
181.11 449
181.97 449
182.95 448
183.81 451
184.92 451
186.03 452
186.77 451
188 452
188.98 454
189.72 456
190.95 458
191.81 460
192.92 462
193.91 464
194.77 465
195.62 468
196.73 469
197.86 465
198.47 464
199.47 475
202.44 488
207.14 384
209.62 346
210.88 345
211.36 349
214.92 2508
215.58 288
217.08 289
221.78 289
222.52 294
226.81 2247
227.92 2271
228.47 284
234.61 3654
235.59 3715
236.59 3806
237.45 3925
238.45 4029
239.44 4182
248.78 260
252.98 251
255.59 253
256.2 259
272.16 5907
273.03 5901
276.12 5609
277 5855
281.09 5940
281.95 6008
282.95 6011
283.94 6049
298.78 6867
299.77 6898
300.75 7022
350.12 7170
351.11 7160
351.47 7160
352.45 7122
353.44 7175
355.41 13730
10.89 11790
37.77 5920
38.62 6081
44.7 5397
45.7 5236
46.69 5370
47.69 5307
48.67 5239
49.67 5175
50.66 5117
51.66 5160
52.64 5213
57.59 4870
59.56 4852
60.55 4813
61.55 4811
63.52 4835
64.5 4848
65.5 4821
66.48 4811
67.47 4795
68.45 4815
69.45 4835
70.44 4846
71.42 4859
72.41 4828
73.41 4843
74.39 4843
75.38 4859
76.36 4037
80.31 4890
85.27 4150
86.25 4204
88.22 4220
89.2 4281
93.16 4278
99.77 276
103.62 180
104.61 175
105.47 238
106.58 224
107.19 219
108.17 219
109.53 218
110.53 212
112.52 214
127.53 286
133.45 303
139.62 280
141.23 277
157.11 484
158.09 481
158.95 476
159.75 211
160.19 471
161.19 471
162.3 468
163.16 465
164.14 465
165.02 460
166.12 460
167.23 458
168.09 456
169.2 454
170.33 452
170.94 452
171.92 451
172.91 449
174.03 449
175.02 449
176.12 449
177.11 448
178.09 447
179.22 443
179.7 478
180.94 450
182.05 449
182.8 448
184.03 449
184.78 450
185.77 451
186.89 451
187.88 452
188.88 454
189.98 456
190.86 457
191.72 461
192.72 461
193.7 462
194.7 466
195.69 469
196.81 469
197.8 465
198.8 463
199.66 477
207.61 383
209.72 345
211.08 345
211.58 350
215.02 2500
215.3 289
216.8 289
222.12 290
222.61 294
227.03 2255
227.91 2268
228.44 283
234.72 3658
235.7 3727
236.56 3820
237.56 3937
238.55 4041
239.55 4179
248.27 260
252.73 253
255.09 249
276.3 5630
278.16 5901
280.14 5937
281.25 5940
282.11 5984
283.23 5991
297.97 6810
298.95 6823
299.95 6930
300.94 7032
306.02 3993
349.52 7180
350.52 7160
352.09 7165
353.08 7175
354.08 7527
11.3 11790
17.25 12848
36.11 6355
38.09 5998
39.08 6095
45.16 5247
46.16 5221
47.14 5329
48.14 5276
49.12 5198
50.12 5152
51.11 5100
52.11 5213
58.06 4854
62.03 4817
63.02 4824
64.02 4826
65 4830
66 4826
66.98 4852
67.98 4835
68.97 4848
69.97 4843
70.95 4859
71.95 4852
72.94 4846
73.94 4843
74.92 4859
75.91 3940
76.91 4021
78.89 4870
79.88 4883
81.86 4901
89.8 4202
100.36 278
104.23 176
105.22 178
108.69 219
110.17 219
111.03 212
111.17 215
127.92 280
139.27 288
140.88 286
147.42 336
152.48 383
157.81 481
158.8 478
159.67 475
160.78 471
161.77 470
162.89 466
163.62 463
164.88 461
165.98 459
166.84 458
167.72 457
168.7 454
169.83 453
170.94 451
171.69 451
172.8 451
173.66 448
174.77 449
176 448
176.88 449
177.73 449
178.72 438
179.58 461
180.69 449
181.81 448
182.67 449
183.78 449
184.64 450
185.77 451
186.88 451
187.61 454
188.72 455
189.83 454
190.7 457
191.44 459
192.42 461
193.41 462
194.66 465
195.52 466
196.5 471
197.48 461
198.34 461
199.34 475
202.05 483
206.78 385
209.64 349
210.39 347
211.52 348
214.73 2507
215.38 288
216.12 288
220.48 361
222.36 293
227.83 2263
228.2 286
234.55 3649
235.53 3701
236.41 3805
237.41 3907
238.39 4027
239.39 4163
253.97 251
255.45 253
257.2 248
274.06 5901
276.17 5609
277.05 5848
278.05 5901
280.16 5930
281.03 5944
282.02 6022
283.02 6005
297.92 6810
298.92 6845
299.91 6917
300.91 7046
349.42 7150
350.41 7175
351.5 7155
352.48 7126
353.48 7189
355.45 13503
11.22 11790
17.19 12863
38.05 5981
39.05 6074
45.14 5276
46.12 5242
47.12 5329
48.12 5281
49.11 5216
50.11 5152
51.11 5087
52.09 5200
58.06 4859
63.05 4828
66.02 4802
67 4837
68 4832
68.98 4848
69.98 4848
70.97 4830
71.95 4832
72.95 4843
73.94 4874
74.94 4874
75.92 4222
76.92 4008
78.91 4874
79.89 4881
80.88 4919
81.88 4929
85.84 4151
86.83 4167
87.81 4199
88.81 4194
89.8 4202
90.8 4224
91.78 4214
101.25 278
104.23 176
105.23 179
108.44 219
110.17 219
111.17 215
112.16 212
127.47 285
140.33 285
147.62 334
157.75 484
158.86 479
159.84 475
160.84 472
161.7 467
162.94 465
164.05 464
165.05 460
165.91 460
166.77 458
167.88 457
168.88 455
169.98 453
170.84 452
172.09 451
172.95 451
173.94 448
175.05 449
176.05 448
177.03 449
178.02 449
178.77 440
179.75 465
180.73 449
181.97 449
182.59 450
183.58 450
184.69 450
185.94 451
186.55 451
187.53 453
188.52 454
189.77 455
190.62 456
191.61 459
192.48 461
193.59 462
194.72 466
195.58 467
196.58 469
197.33 462
198.56 461
199.56 476
207.28 381
209.89 347
210.77 345
211.75 349
214.84 2511
215.48 281
216.48 288
222.08 293
226.91 2244
227.91 2259
229.05 286
234.61 3650
235.61 3720
236.61 3809
237.48 3930
238.47 4047
239.47 4177
253.05 252
254.55 252
270.2 5901
275.19 5901
276.31 5597
278.3 5907
280.17 5927
281.3 5940
282.16 5981
283.16 6015
298.05 6863
299.05 6858
300.03 6935
301.03 7041
306.25 3884
349.61 7160
350.61 7146
351.39 7155
352.39 7122
353.38 7189
355.34 13748
10.5 11790
11.5 11790
17.47 12694
39.48 5957
44.47 5403
45.45 5231
46.45 5310
47.45 5321
48.45 5273
49.44 5193
50.44 5185
51.44 5102
52.44 5213
57.39 4892
62.36 4811
64.36 4819
65.34 4815
66.34 4793
67.33 4793
68.33 4819
69.33 4826
70.31 4841
71.31 4859
72.3 4852
73.3 4848
74.3 4835
75.28 4859
76.28 4034
80.25 4913
85.22 4148
86.22 4184
88.2 4234
93.16 4285
99.53 276
103.64 173
104.62 175
106.11 224
106.61 238
107.84 219
109.59 219
110.58 218
111.58 211
112.56 215
127.41 287
134.33 381
140.42 282
147.09 330
151.91 387
157.48 483
158.11 480
159.34 474
160.22 471
161.45 470
163.44 467
164.56 462
165.3 460
166.55 458
167.55 457
168.41 454
169.41 454
170.39 454
171.52 452
172.38 451
173.5 449
174.48 449
175.48 448
176.34 447
177.34 448
180.56 450
181.44 449
182.56 448
183.55 450
184.55 449
185.17 450
186.28 451
187.53 452
188.41 454
189.27 453
190.27 456
191.27 458
192.25 459
193.12 461
194.25 462
195.11 466
196.11 468
198.11 472
199.09 474
200.09 481
202.08 482
210.17 346
211.55 345
214.52 2496
215.5 2478
216.03 287
220.12 359
221.75 291
227.58 2259
228.56 2253
228.84 284
229.7 285
229.95 280
235.28 3689
236.28 3782
237.27 3892
238.14 4012
239.14 4118
252.61 226
254.61 240
256.72 249
258.09 253
276.03 5618
276.91 5868
280.88 5917
281.88 5984
282.88 6001
298.78 6849
299.78 6917
300.78 6999
305.88 3940
349.5 7184
350.5 7160
351.59 7160
352.59 7117
353.59 7224
355.58 13766
11.33 11790
17.3 12740
39.19 6053
44.3 5473
45.3 5226
46.3 5255
47.28 5318
48.28 5257
49.28 5187
50.28 5152
51.27 5087
52.27 5190
58.25 4859
63.22 4832
64.22 4806
65.22 4785
66.22 4806
67.2 4817
68.2 4806
69.2 4821
70.2 4846
71.19 4859
72.19 4859
73.19 4848
74.19 4848
75.17 4866
76.17 4006
77.16 3946
78.16 4859
85.11 4156
87.09 4202
88.08 4240
89.08 4279
90.08 4220
92.06 4204
93.05 4237
100.66 277
100.91 281
104.52 176
106.52 236
107.25 219
109.36 219
109.48 219
111.47 213
112.47 213
128.27 286
133.58 303
140.02 281
146.94 335
152.28 383
157.11 485
158.23 478
159.47 475
159.5 211
160.09 472
161.08 469
162.2 469
163.06 466
164.44 461
165.19 459
166.17 460
167.17 458
168.41 456
169.41 455
170.27 453
171.39 452
172.39 451
173.38 449
174.36 450
175.22 450
176.22 448
177.33 448
179.8 490
181.28 449
182.41 447
183.39 449
184.25 450
185 450
186.36 450
187.22 454
188.09 453
189.08 455
190.19 455
191.17 459
192.17 459
192.91 461
194.02 462
194.89 465
195.88 469
196.73 470
197.73 474
198.97 471
199.7 480
202.67 489
207.41 385
209.91 344
211.16 345
211.66 350
215.28 2482
215.53 286
221.27 2304
222.16 289
222.89 296
227.39 2257
228.27 2276
229.27 280
235.12 3682
236.12 3775
237.11 3871
237.98 3997
238.98 4092
251.45 230
255.69 249
257.3 257
275.84 5591
277.7 5894
280.83 5930
281.83 5950
282.7 6029
283.7 6053
298.66 6840
299.64 6872
300.64 7013
349.25 7184
350.23 7170
351.48 7160
352.48 7160
353.47 7219
355.45 13624
17.06 12848
37.97 5971
38.97 6067
46.06 5236
47.05 5329
48.05 5292
49.05 5205
50.03 5150
51.03 5075
52.03 5221
58 4859
65.97 4778
66.95 4821
67.95 4819
68.95 4815
69.94 4826
70.94 4826
71.94 4859
72.92 4813
73.92 4850
74.91 4870
75.91 4163
76.91 4018
78.89 4881
79.89 4883
80.88 4901
81.88 4919
85.84 4156
86.84 4174
87.84 4187
89.83 4204
90.81 4220
91.81 4220
92.81 4297
101.17 278
104.28 176
105.27 179
107.98 219
110.23 219
111.22 214
111.7 212
127.8 284
139.58 281
140.81 284
158.02 485
158.88 478
159.78 210
160.12 474
161.11 472
162.11 468
163.09 465
163.95 463
164.95 460
166.06 459
166.94 459
167.92 456
169.03 455
170.03 454
171.27 452
172.14 451
173.25 450
174.23 448
175.23 449
175.97 448
177.09 448
177.95 448
178.94 443
179.69 481
180.8 450
182.05 447
183.03 450
183.89 450
185.02 452
185.88 451
186.88 452
187.73 453
188.97 452
189.97 455
190.7 458
191.95 461
192.81 460
193.69 462
194.8 465
195.55 469
196.8 470
197.92 466
198.67 465
199.55 477
202.66 484
207.52 384
210.02 343
210.89 344
212.02 349
215.12 2480
216 287
217 292
221.48 289
223.11 294
227.09 2268
228.2 2266
229.22 281
234.94 3679
235.8 3764
236.92 3836
237.8 3978
238.8 4067
251.64 225
254.25 257
255 250
256 255
275.69 5571
277.69 5835
279.55 5901
280.55 5934
281.55 5967
282.55 6039
283.55 6074
297.47 6710
298.47 6818
299.45 6880
300.45 7004
350.16 7155
351.23 7146
352.22 7150
353.2 7184
17.03 12879
35.95 6246
37.95 5971
38.94 6070
45.05 5297
46.05 5226
47.03 5348
48.03 5286
49.03 5203
50.03 5147
51.02 5073
52.02 5223
58 4859
65.97 4804
66.95 4821
67.95 4813
68.95 4828
69.95 4846
70.94 4830
71.94 4848
72.94 4857
73.94 4852
74.92 4857
75.92 4126
76.92 4014
77.92 4839
79.91 4883
81.91 4899
85.89 4163
86.88 4202
87.88 4195
88.86 4202
90.84 4207
91.84 4224
100.56 279
104.3 176
104.66 235
105.3 180
108.27 219
109.27 219
110.27 218
111.25 214
112.25 212
127.48 284
139.89 280
140.77 284
157.98 481
159.09 478
159.88 210
160.22 474
161.2 471
162.08 468
163.19 464
164.19 462
165.05 462
166.17 459
167.16 457
168.16 456
169.03 454
170.27 454
171.27 452
172.12 450
173 451
174.23 450
175.11 448
175.97 448
177.22 447
178.33 446
181.19 448
182.17 447
182.92 449
184.17 450
185.03 451
186.16 450
187.16 453
188.02 453
189.14 454
190.14 455
191.02 458
192 459
193 461
194 463
194.86 466
195.86 470
196.98 468
198.11 470
198.84 469
199.84 477
202.83 489
207.31 389
210.3 344
211.17 345
212.05 350
215.27 2478
215.66 286
221.27 2300
222.27 289
222.39 296
227.38 2251
228.38 2261
235.11 3684
236.11 3775
236.98 3867
237.97 4000
238.97 4091
250.72 230
255.33 248
256.45 259
275.89 5582
277.75 5897
280.88 5930
281.86 5991
282.73 6046
283.73 6049
298.67 6849
299.67 6926
300.67 7018
349.42 7180
350.42 7165
351.14 7175
352.14 7160
353.14 7165
11.3 11790
17.28 12740
38.22 6053
39.2 6067
44.33 5484
45.31 5234
46.31 5265
47.31 5321
48.31 5257
49.3 5198
50.3 5165
51.3 5080
52.3 5195
59.27 4839
62.25 4828
63.25 4826
64.25 4819
65.23 4835
66.23 4811
67.23 4813
68.23 4808
69.22 4819
70.22 4846
71.22 4854
72.22 4859
73.2 4866
74.2 4846
76.2 4034
77.19 3966
80.17 4886
85.12 4153
86.12 4202
88.11 4224
89.09 4229
90.09 4212
92.08 4224
93.08 4229
98.81 276
100.69 277
103.55 172
104.55 175
105.66 237
108.52 219
108.88 219
110.5 218
111.48 212
112.23 214
128.34 287
133.3 303
139.75 281
147.19 330
152.28 387
157.36 486
158.23 480
159.23 475
160.22 471
161.47 470
163.33 466
164.45 462
165.56 460
166.56 459
167.55 456
168.42 454
169.55 454
170.41 454
171.53 452
172.27 451
173.39 448
174.52 449
175.38 448
176.25 448
177.36 448
180.22 450
181.22 449
182.34 448
183.45 449
184.45 450
185.56 451
186.44 451
187.19 454
188.42 454
189.42 455
190.42 456
191.41 459
192.28 459
193.14 462
194.27 464
195.27 465
196.25 470
197.38 462
198.25 470
199.23 474
200.23 483
201.97 491
210.56 346
211.19 346
214.55 2483
215.55 2476
215.94 287
219.92 358
222.05 291
227.66 2247
228.28 284
228.64 2231
228.91 284
234.39 3636
235.39 3689
236.38 3790
237.25 3900
238.25 4021
239.25 4129
252.73 230
255.59 251
274.02 5901
276.14 5612
277.02 5848
280.12 5920
282 6001
283 6025
297.95 6832
298.95 6854
299.94 6926
300.94 7050
306.17 3901
349.67 7239
350.66 7155
351.41 7155
352.41 7146
353.41 7155
355.39 13748
10.56 11803
11.56 11725
17.56 12633
38.53 6084
39.53 5914
44.64 5400
45.62 5244
46.62 5361
47.62 5315
48.62 5244
49.62 5167
50.62 5117
51.61 5142
52.61 5216
57.59 4859
59.59 4837
60.59 4830
61.58 4824
63.58 4821
64.58 4811
65.58 4804
66.58 4802
67.56 4811
68.56 4837
69.56 4828
70.55 4848
71.55 4857
72.55 4837
73.53 4848
74.53 4846
75.53 4859
76.52 4011
80.5 4899
93.44 4298
100.31 277
101.05 277
103.92 176
104.92 176
108.39 218
109.89 218
110.75 212
110.88 217
128.12 290
140.55 285
147 335
152.59 394
157.69 481
158.81 478
159.8 474
160.67 471
161.8 470
163.03 467
163.78 463
165.03 461
165.77 460
166.75 458
167.88 457
168.98 455
169.86 454
170.84 452
171.84 451
172.7 452
173.7 449
174.94 448
176.06 447
176.92 447
177.92 447
179.16 438
179.78 463
181.02 449
181.75 448
182.88 449
183.73 449
184.98 451
185.97 452
186.59 451
187.7 454
188.83 453
189.69 455
190.69 456
191.8 459
192.8 461
193.53 461
194.78 466
195.52 469
196.64 468
197.5 464
198.75 462
199.62 477
202.5 488
207.38 382
209.62 346
210.75 345
211.5 349
214.98 2505
216.23 285
216.73 290
222.23 289
222.48 294
228.09 2254
234.83 3672
235.83 3748
236.83 3828
237.7 3963
238.7 4060
239.7 4192
247.81 259
253.81 257
254.94 250
256.8 252
275.64 5574
277.52 5871
279.5 5934
281.5 5954
282.5 6032
297.45 6702
298.45 6792
299.44 6876
300.44 6985
306.66 3943
350.14 7170
351.66 7155
352.64 7150
353.64 7273
355.62 13748
11.03 11829
17.02 12879
35.94 6328
37.94 5977
38.94 6091
45.05 5302
46.05 5226
47.03 5351
48.03 5276
49.03 5213
50.03 5152
51.03 5078
52.02 5244
65.97 4804
66.95 4821
67.95 4824
68.95 4826
69.94 4850
70.94 4830
71.94 4843
72.94 4854
73.92 4892
74.92 4872
75.92 4200
76.91 4009
79.89 4881
81.89 4915
86.86 4187
87.86 4192
88.86 4205
89.84 4224
90.84 4227
91.83 4214
92.83 4291
100.19 278
100.92 278
104.55 176
104.78 235
105.28 177
107.64 219
109.25 219
110.25 219
110.86 214
112.23 212
128.11 284
140.02 280
140.38 284
157.97 481
159.09 477
159.12 210
160.08 475
161.2 470
161.94 468
163.19 464
163.92 462
165.05 460
166.03 460
167.28 457
168.02 456
169.02 454
170 455
171.12 452
172.38 451
173.23 451
174.23 450
175.09 449
176.34 448
177.08 448
178.33 446
181.3 448
182.05 448
183.16 449
184.03 450
185.02 450
186.27 450
187.14 453
187.88 452
189.25 454
189.88 456
190.88 458
192.11 460
192.98 462
194.11 463
194.86 465
195.86 470
196.72 467
197.84 470
198.72 469
199.72 477
202.7 491
207.44 388
210.06 344
211.05 344
212.17 349
215.28 2483
216.42 287
221.27 2300
221.77 289
222.89 295
227.36 2249
228.36 2243
228.88 280
235.09 3679
236.09 3771
237.09 3859
237.95 3990
238.95 4088
251.81 230
256.55 251
256.8 255
273.77 5901
275.89 5594
276.77 5861
277.89 5881
279.89 5920
281.88 5940
282.75 6025
283.73 6081
298.67 6849
299.66 6894
300.66 6985
349.41 7146
350.41 7155
351.12 7160
352.12 7150
353.12 7180
354.11 7533
10.28 11869
11.27 11790
17.23 12694
38.17 6032
39.17 6077
44.28 5492
45.28 5221
46.28 5221
47.28 5315
48.27 5255
49.27 5187
50.27 5132
51.25 5090
52.25 5187
58.22 4859
61.2 4841
66.19 4837
67.17 4826
68.17 4800
69.17 4821
70.16 4837
71.16 4852
72.16 4843
73.14 4859
74.14 4859
75.14 4859
76.12 4034
77.12 3979
80.11 4892
85.08 4153
88.05 4239
89.05 4225
90.03 4212
92.02 4214
93.02 4264
99.38 275
100.5 277
101.48 282
104.48 175
106.34 236
108.45 219
109.44 219
110.44 218
111.42 212
112.42 213
127.78 286
133.73 302
139.69 281
141.06 279
146.77 329
152.22 385
157.17 483
158.3 478
159.16 474
160.28 471
161.16 469
163.27 467
164.38 462
165.38 459
166.36 460
167.23 458
168.34 455
169.47 455
170.47 453
171.45 452
172.58 451
173.44 450
174.44 450
175.42 449
176.3 448
177.42 448
178.53 446
181.27 449
182.39 448
183.27 449
184.38 451
185.25 450
186.12 451
187.36 454
188.11 455
189.23 455
190.47 456
191.22 459
192.09 460
193.09 461
194.08 464
195.33 465
196.08 470
197.06 463
198.06 475
199.19 473
199.92 480
201.92 489
210.02 345
211.5 345
214.48 2510
215.48 2476
216.62 288
220.11 359
222.72 291
227.58 2261
227.95 284
228.56 2236
229.7 283
234.3 3645
235.3 3688
236.3 3778
237.17 3890
238.17 4011
239.16 4113
252.64 229
256.36 250
257.98 258
274.02 5884
276 5612
276.88 5865
280 5930
281.86 5977
282.86 6018
298.81 6854
299.81 6921
300.81 7013
305.91 3940
349.52 7170
350.5 7155
351.39 7146
352.39 7136
353.38 7165
355.38 13748
10.36 11790
11.36 11790
17.34 12848
38.31 6265
39.31 5967
44.42 5439
45.42 5221
46.41 5292
47.41 5329
48.41 5249
49.41 5177
50.39 5160
51.39 5107
52.39 5198
57.38 4908
59.36 4859
63.34 4821
64.34 4804
65.34 4828
66.33 4811
67.33 4789
68.33 4811
69.33 4837
70.31 4839
72.31 4859
73.3 4859
74.3 4848
75.3 4859
76.3 4049
78.28 4868
85.25 4159
86.25 4185
90.23 4281
93.22 4235
100.08 276
100.7 277
103.7 174
104.7 175
105.31 241
107.69 222
108.69 219
109.67 219
110.66 218
111.66 211
112.64 214
127.72 288
140.23 282
147.3 332
152.39 388
157.48 486
158.34 479
159.47 475
160.58 472
161.45 471
163.56 465
164.31 462
165.67 460
166.42 457
167.55 456
168.53 455
169.66 454
170.64 452
171.52 452
172.5 450
173.75 450
174.48 449
175.48 449
176.47 448
177.72 447
178.7 435
179.83 439
180.56 450
181.44 449
182.55 449
183.67 450
184.28 450
185.53 451
186.64 452
187.39 453
188.25 455
189.38 455
190.36 457
191.48 460
192.34 460
193.22 461
194.2 465
195.45 464
196.31 469
197.44 458
199.3 475
202.16 489
210.66 346
211.53 347
214.66 2511
216.91 288
220.28 360
221.91 293
227.78 2251
228.16 285
228.91 285
234.52 3644
235.5 3702
236.38 3801
237.38 3900
238.38 4032
239.38 4154
254.48 250
255.84 250
256.09 255
276.31 5580
278.17 5901
280.3 5950
281.17 5964
282.17 5994
298.14 6810
299.12 6840
300.12 6921
301.12 7022
306.22 3914
349.84 7175
350.84 7160
351.48 7160
352.48 7160
353.47 7160
355.45 13730
10.75 11790
11.75 11790
37.66 5947
38.66 6049
44.77 5419
45.77 5244
46.77 5353
47.77 5318
48.77 5236
49.77 5162
50.77 5100
51.77 5299
52.75 5257
57.75 4863
59.75 4837
60.73 4832
61.73 4813
63.72 4835
64.72 4811
65.72 4798
66.72 4811
67.7 4830
68.7 4832
69.7 4854
70.69 4859
71.69 4843
72.69 4835
73.69 4841
74.67 4859
75.67 4859
76.67 4047
78.66 4868
80.66 4897
85.62 4166
86.62 4194
90.61 4227
91.61 4227
93.59 4323
100.08 277
100.7 278
104.06 176
105.06 177
109.03 218
110.03 219
111.02 217
112.02 212
127.52 288
140.19 285
147.12 335
157.69 481
158.92 478
159.7 209
160.05 474
161.03 471
162.03 467
162.77 466
164.02 464
164.75 461
166 459
166.86 459
168.11 457
169.09 456
169.97 453
170.83 452
171.95 451
173.19 450
173.94 448
175.06 449
175.92 449
177.17 447
178.03 448
179.28 442
179.77 479
181.02 450
182 448
183.12 449
183.86 450
185.11 451
185.84 451
186.97 452
187.7 453
189.08 452
189.95 455
190.94 458
191.94 461
192.69 461
193.81 461
194.69 465
195.81 468
196.81 469
197.69 466
198.8 465
199.67 477
202.55 489
207.53 384
209.66 344
211.03 344
211.78 350
215.14 2487
216.41 287
216.64 285
221.12 2318
222.27 288
222.64 293
227.12 2247
228.25 2240
228.88 285
235 3679
236 3761
236.88 3848
237.88 3991
238.88 4077
251.38 225
253 257
255.25 250
257.75 254
266.72 5901
275.83 5571
277.7 5871
280.7 5947
281.7 5947
282.7 6008
298.64 6849
299.64 6926
300.64 7004
349.38 7146
350.38 7155
351.83 7160
352.83 7175
353.81 7385
11.28 11816
17.27 12755
39.23 6029
44.36 5473
45.36 5205
46.36 5255
47.36 5326
48.36 5260
49.36 5180
50.36 5160
51.34 5078
52.34 5185
63.3 4813
64.3 4821
65.28 4819
66.28 4808
67.28 4806
68.27 4793
69.27 4817
70.27 4841
71.27 4854
72.25 4832
73.25 4835
74.25 4826
76.23 4041
79.22 4859
80.22 4897
85.19 4151
86.19 4215
88.17 4293
89.17 4240
99.64 275
103.64 174
104.62 175
105 237
106.11 223
108.61 219
109.61 219
110.59 218
111.59 211
112.09 214
128.47 288
133.55 305
139.52 282
146.83 332
152.42 389
157.52 481
158.5 479
159.38 475
160.5 472
161.36 470
162.48 467
163.48 465
164.61 463
165.59 461
166.72 458
167.72 458
168.58 455
169.58 454
170.58 452
171.56 451
172.69 451
173.56 449
174.55 448
175.42 448
176.67 447
177.53 447
178.66 432
179.53 442
181.39 448
182.64 448
183.64 451
184.64 449
185.52 449
186.62 451
187.5 453
188.5 455
189.38 455
190.38 456
191.48 458
192.36 460
193.36 462
194.23 464
195.48 466
196.48 468
197.59 460
198.34 461
199.34 475
202.2 482
206.95 390
209.44 342
210.31 346
211.31 348
214.8 2506
215.3 289
216.3 288
222.55 293
226.89 2245
227.89 2260
228.41 286
234.62 3659
235.62 3718
236.5 3820
237.5 3938
238.5 4047
239.5 4176
247.61 260
253.11 253
255.11 250
275.45 5541
276.45 5591
277.33 5845
278.33 5897
279.33 5927
280.45 5920
281.33 5934
282.33 6018
283.33 6039
297.3 6740
298.3 6792
299.3 6858
300.3 6971
301.3 7055
306.41 3940
350.11 7165
351.11 7150
351.36 7160
352.36 7165
353.36 7199
355.34 13748
7.97 13965
10.97 11790
16.97 13086
37.97 5988
38.97 6046
45.09 5305
46.09 5239
47.09 5329
48.08 5302
49.08 5208
50.08 5145
51.08 5068
52.08 5223
58.06 4863
62.05 4841
63.05 4817
66.05 4806
67.03 4824
68.03 4819
69.03 4815
70.03 4839
71.03 4846
72.03 4859
73.03 4852
74.02 4877
75.02 4866
76.02 4103
77.02 4003
82 4910
84.98 4161
87.97 4222
89.97 4217
91.95 4214
92.95 4224
99.58 278
101.69 280
104.44 176
106.44 234
108.05 219
109.42 219
110.42 219
111.05 214
111.42 213
127.36 285
133.44 301
140.12 280
146.7 336
151.92 384
157.27 484
158.14 481
159.25 475
160.03 212
160.25 471
161.12 470
162.23 468
163.48 467
164.48 462
165.22 460
166.34 460
167.22 458
168.45 455
169.2 454
170.2 453
171.2 452
172.31 451
173.31 449
174.42 450
175.3 449
176.41 448
177.41 447
178.39 446
181.12 449
182.23 448
183.11 450
184.22 450
185.34 450
186.33 451
187.33 453
188.2 454
189.19 453
190.19 456
191.17 459
192.3 459
193.03 461
194.03 462
195.02 467
195.89 468
198.98 474
199.98 482
209.95 346
210.83 346
214.45 2500
215.45 2476
215.7 287
219.83 358
221.95 291
227.58 2260
228.58 284
229.2 285
230.2 287
234.31 3632
235.31 3687
236.19 3784
237.31 3884
238.19 4008
239.17 4121
251.03 227
256.53 251
276.09 5627
276.97 5868
281.09 5950
281.97 5961
282.97 6018
297.94 6818
298.92 6832
299.92 6894
300.92 7018
306.02 3940
349.59 7175
350.58 7175
352.09 7175
353.09 7170
354.08 7511
11.47 11790
17.45 12618
39.39 5927
44.5 5408
45.48 5221
46.48 5326
47.48 5321
48.48 5242
49.48 5152
50.47 5160
51.47 5122
52.47 5216
57.45 4883
59.44 4848
63.44 4837
64.42 4837
65.42 4830
66.42 4815
67.41 4819
68.41 4813
69.41 4830
70.39 4839
71.39 4857
72.39 4848
73.38 4846
74.38 4854
75.38 4866
76.36 4037
80.34 4874
85.33 4151
86.31 4185
90.3 4240
99.03 276
100.41 277
103.77 174
104.75 175
108.72 218
109.09 219
110.7 217
111.69 211
112.44 212
128.41 289
139.94 283
147 332
152.33 389
157.41 485
158.64 480
159.77 475
160.5 472
161.5 471
163.72 465
164.47 462
165.7 460
166.7 458
167.44 457
168.81 455
169.67 454
170.41 452
171.66 452
172.52 451
173.64 450
174.5 449
175.5 448
176.36 448
177.61 447
178.84 430
181.56 449
182.69 448
183.67 449
184.42 449
185.53 449
186.52 450
187.39 453
188.25 454
189.5 454
190.48 456
191.48 458
192.47 460
193.34 462
194.2 464
195.45 466
196.2 470
197.45 458
198.06 470
199.19 474
202.19 489
209.41 354
210.03 347
211.28 347
214.62 2486
215.89 287
220.38 358
222 292
227.7 2252
228.22 285
229.22 288
234.44 3649
235.44 3697
236.42 3800
237.42 3892
238.3 4023
239.3 4145
252.77 229
254.52 251
255.5 251
276.2 5612
280.06 5924
281.06 5944
282.06 6011
297.98 6818
298.98 6849
299.97 6885
300.97 7018
306.06 3966
349.66 7180
350.64 7160
351.58 7155
352.56 7141
353.56 7170
355.55 13748
11.56 11790
17.55 12694
38.45 6081
39.44 5901
44.55 5381
45.55 5229
46.53 5329
47.53 5318
48.53 5234
49.53 5152
50.52 5170
51.52 5135
52.52 5236
57.48 4883
59.48 4857
60.47 4819
61.47 4819
63.45 4826
64.45 4830
65.45 4837
66.44 4793
67.44 4808
68.44 4839
69.44 4830
70.42 4848
71.42 4859
72.42 4857
73.41 4846
74.41 4848
75.41 4859
76.39 4032
86.34 4177
90.31 4283
99.03 278
100.78 277
104.77 176
108.73 218
109.34 218
109.72 218
111.7 211
112.7 211
128.44 289
139.59 283
147.16 332
152.11 390
157.42 486
158.55 478
159.41 474
160.52 471
161.52 470
163.62 464
164.61 461
165.48 460
166.47 459
167.84 457
168.7 455
169.44 455
170.44 452
171.55 452
172.42 451
173.41 450
174.66 448
175.77 448
176.62 447
177.62 447
178.73 432
179.73 441
181.47 449
182.58 448
183.33 449
184.56 449
185.69 450
186.42 452
187.42 454
188.55 454
189.41 455
190.41 456
191.41 458
192.39 460
193.52 461
194.27 465
195.12 466
196.38 471
197.5 458
198.23 465
199.23 477
202.09 482
209.06 353
210.19 346
211.67 347
214.64 2485
215.91 287
220.14 359
222.64 292
227.61 2256
228.36 286
229.23 288
234.45 3632
235.45 3697
236.33 3801
237.33 3900
238.33 4031
239.31 4138
247.56 264
254.8 246
255.55 252
270.14 5901
271.14 5901
276.27 5609
278.12 5901
281.11 5927
282.09 5994
283.09 6022
284.09 6060
298.02 6863
299.02 6858
300 6935
301 7013
306.22 3951
349.72 7141
350.72 7150
351.64 7160
352.64 7180
353.64 7273
355.62 13748
10.61 11790
11.61 11790
17.58 12618
38.5 6102
39.5 5901
44.59 5411
45.59 5252
46.59 5361
47.59 5318
48.58 5252
49.58 5175
50.58 5167
51.58 5142
52.56 5236
57.55 4877
59.55 4837
61.53 4828
63.53 4813
64.52 4806
65.52 4811
66.52 4806
67.52 4832
68.5 4837
69.5 4843
70.5 4848
71.5 4859
72.48 4841
73.48 4839
74.48 4848
75.48 4866
76.47 4017
78.45 4863
80.44 4890
86.41 4172
87.39 4207
92.36 4298
93.36 4304
99.97 276
100.59 277
103.83 175
104.83 176
108.8 218
109.17 219
109.53 218
111.78 211
128.39 291
139.92 284
147.36 334
152.44 391
157.53 484
158.53 478
159.52 474
160.77 472
161.5 471
162.88 467
163.75 463
164.61 461
165.73 461
166.59 458
167.84 457
168.72 454
169.83 453
170.83 452
171.69 451
172.69 452
173.56 449
174.67 448
175.8 448
176.67 448
177.91 447
178.78 435
179.78 447
180.64 450
181.77 448
182.89 448
183.62 449
184.75 450
185.88 451
186.48 451
187.48 454
188.73 455
189.73 455
190.59 456
191.47 459
192.59 461
193.45 461
194.45 465
195.33 466
196.69 470
197.31 461
198.56 460
199.55 475
207.39 384
209.64 348
210.89 346
211.64 349
214.86 2513
216.75 288
222.23 294
226.95 2244
227.95 2264
228.97 284
234.69 3659
235.67 3724
236.55 3820
237.55 3940
238.55 4050
239.55 4180
247.66 260
252.64 255
255.64 250
275.44 5597
276.44 5568
278.31 5901
280.31 5937
281.31 5974
282.31 6018
283.3 6049
298.28 6814
299.27 6872
300.27 6994
306.36 3971
349.97 7170
350.95 7165
351.7 7146
352.7 7136
353.7 7258
355.69 13748
10.86 11856
37.8 5974
38.8 6070
44.89 5436
45.89 5244
46.89 5361
47.89 5297
48.89 5218
49.89 5147
50.88 5102
51.88 5294
52.88 5198
57.86 4859
60.84 4798
61.84 4808
63.84 4843
65.84 4826
66.83 4841
67.83 4828
68.83 4857
69.83 4857
70.81 4843
71.81 4857
72.81 4839
73.81 4863
74.8 4886
76.8 4015
77.8 4859
78.78 4881
80.78 4917
81.78 4906
85.77 4164
101.47 277
104.22 176
105.22 178
109.17 219
110.17 219
110.28 216
112.16 212
127.23 283
140.02 283
140.14 285
147.33 336
157.88 481
159.12 478
159.77 209
159.98 474
160.98 470
162.09 467
163.22 464
164.22 463
164.95 461
166.19 459
166.94 458
168.17 457
169.3 455
170.28 454
171.03 452
172.27 451
173.14 451
174 449
175 448
176.23 448
177.23 448
178.22 447
178.97 444
179.95 481
181.19 448
181.94 448
182.8 450
183.8 450
184.91 451
186.03 451
187.02 452
188.02 452
189 453
189.88 456
190.73 458
191.73 460
192.72 462
193.59 464
194.83 466
195.95 468
196.81 470
197.56 467
198.81 466
199.81 476
202.42 490
207.41 386
209.66 344
210.78 344
212.03 350
215.12 2486
216.02 287
221.23 2323
221.62 289
222.88 294
227.22 2252
228.09 2252
234.97 3682
235.84 3764
236.84 3848
237.84 3985
238.84 4080
251.33 225
255.08 251
256.08 255
274.66 5901
275.78 5603
277.66 5855
279.78 5920
281.77 5940
282.64 6018
297.58 6757
298.58 6836
299.58 6867
300.56 7004
304.67 4005
349.28 7170
350.27 7165
351.95 7165
352.94 7146
353.94 7527
17.14 13070
38.08 5988
39.08 6109
45.19 5242
46.17 5229
47.17 5324
48.17 5289
49.17 5193
50.17 5147
51.16 5125
52.16 5203
58.14 4859
62.11 4828
64.11 4835
65.09 4817
66.09 4821
67.09 4815
68.08 4819
69.08 4821
70.08 4832
71.06 4857
72.06 4852
73.06 4868
74.05 4843
75.05 4850
76.05 4027
77.03 3984
82.02 4906
85 4153
85.98 4171
86.98 4184
87.98 4219
91.95 4229
92.94 4291
100.3 278
101.3 280
104.42 175
106.03 235
107.39 219
109 219
109.38 219
111.38 213
112.36 213
127.61 285
132.94 302
139.77 280
140.5 280
147.06 333
151.77 384
157.22 485
158.22 478
159.2 475
159.98 211
160.33 471
161.19 469
162.19 469
163.19 466
164.3 461
165.3 459
166.41 460
167.41 458
168.39 455
169.39 455
170.39 453
171.38 452
172.38 451
173.11 450
174.23 450
175.22 450
176.22 449
177.08 448
179.94 491
181.19 449
182.17 448
183.3 449
184.41 451
185.28 450
186.41 451
187.02 453
188.14 455
189.14 455
190.39 456
191.27 459
192 460
193.12 462
194 464
195 465
195.88 470
197.11 466
197.86 474
199.23 472
199.86 480
210.2 345
210.95 345
211.95 351
215.44 2476
215.81 288
219.92 358
222.55 290
227.53 2265
228.53 2231
228.8 284
229.03 284
230.28 288
234.27 3648
235.27 3687
236.27 3786
237.14 3881
238.14 4008
239.14 4106
252.62 228
256.61 250
257.36 257
276.08 5603
276.95 5865
281.94 5998
282.92 6008
298.86 6845
299.86 6930
300.84 7046
349.62 7165
350.62 7150
351.27 7150
352.27 7165
353.25 7175
10.53 11790
11.52 11790
17.5 12694
38.45 6246
39.58 5920
44.56 5400
45.56 5234
46.56 5378
47.55 5324
48.55 5249
49.55 5187
50.55 5177
51.53 5115
52.53 5229
57.52 4874
63.5 4806
64.5 4826
65.48 4843
66.48 4811
67.48 4826
68.48 4854
69.47 4824
70.47 4848
71.47 4837
72.47 4837
73.47 4841
74.45 4857
76.45 4014
78.45 4866
79.44 4881
80.44 4890
91.38 4212
93.36 4290
99.73 277
100.36 277
103.84 176
104.84 176
108.45 218
108.94 219
110.81 217
111.69 211
127.69 290
140.23 285
147.42 334
152.41 394
157.62 486
158.62 478
159.86 474
160.86 471
161.73 471
162.97 467
163.97 463
164.72 461
165.97 460
166.83 458
167.95 456
169.08 455
169.81 454
171.06 452
171.69 451
172.81 451
173.92 449
174.92 448
176.05 447
176.92 447
177.78 447
179.16 438
180.03 457
180.78 449
181.91 448
182.77 449
184.02 449
184.89 451
185.77 452
186.64 451
187.75 454
188.75 454
190 454
190.88 457
191.62 460
192.62 461
193.73 462
194.61 464
195.86 467
196.61 470
197.61 464
198.84 462
199.72 475
202.47 486
207.58 383
209.7 345
211.06 345
211.69 348
215.05 2504
215.94 288
216.69 289
221.42 289
223.05 294
228.16 2280
234.89 3673
235.89 3757
236.89 3836
237.77 3984
238.75 4063
239.75 4194
253 257
256.62 250
256.75 254
275.72 5591
276.72 5881
277.59 5845
280.58 5934
281.58 5944
282.58 6005
297.56 6736
298.56 6814
299.56 6880
300.56 7004
349.38 7155
350.38 7155
351.62 7155
352.61 7150
353.61 7184
355.59 13947
11.27 11790
17.27 12770
39.25 6001
44.38 5419
45.38 5236
46.36 5270
47.36 5315
48.36 5268
49.36 5193
50.36 5172
51.36 5092
52.36 5193
63.33 4817
64.33 4819
65.33 4835
66.33 4804
67.33 4800
68.33 4800
69.33 4832
70.31 4859
71.31 4859
72.31 4848
73.31 4835
74.3 4843
75.3 4859
76.3 4046
80.28 4881
85.27 4153
86.27 4187
88.25 4209
90.25 4285
93.23 4290
99.86 276
99.98 277
103.73 174
104.72 175
108.72 218
109.7 219
109.95 218
111.69 211
111.69 215
128.3 289
133.38 302
139.95 283
147.03 332
152.39 390
157.61 485
158.59 481
159.59 474
160.47 472
161.58 471
162.7 468
163.45 463
164.56 462
165.69 461
166.69 458
167.69 457
168.8 455
169.55 453
170.78 451
171.91 451
172.64 451
173.64 449
174.62 449
175.5 448
176.61 448
177.61 448
178.97 435
179.47 449
180.7 449
181.7 449
182.69 449
183.56 449
184.69 449
185.67 451
186.67 451
187.53 454
188.66 454
189.39 455
190.77 456
191.62 459
192.5 461
193.61 460
194.48 465
195.59 466
196.47 471
197.33 461
198.58 460
199.33 476
202.2 485
206.95 378
209.58 348
210.58 346
211.45 349
214.83 2510
215.45 281
216.08 288
222.33 293
227.95 2260
228.58 291
234.7 3665
235.7 3733
236.7 3816
237.58 3944
238.58 4050
239.56 4179
248.06 260
252.69 256
255.94 249
256.05 245
274.42 5901
275.55 5571
277.42 5858
282.42 5988
283.42 6042
297.39 6601
298.39 6779
299.39 6858
300.38 6971
306.48 3940
350.11 7160
351.11 7160
351.36 7146
352.36 7150
353.34 7184
355.34 13748
17.03 13053
38 5977
38.98 6070
45.11 5289
46.11 5234
47.11 5329
48.11 5294
49.11 5203
50.09 5150
51.09 5087
52.09 5205
58.09 4863
61.08 4828
65.08 4811
66.06 4817
67.06 4819
68.06 4804
69.06 4808
70.06 4824
71.05 4859
72.05 4859
73.05 4863
74.05 4866
75.05 4863
76.05 4097
77.03 3984
80.03 4879
82.02 4890
85.02 4176
87 4174
88 4197
90 4239
92 4232
92.98 4230
100.22 277
101.72 281
104.47 175
106.45 235
108.44 219
109.44 219
109.69 218
111.42 213
112.42 213
128.2 286
133.41 302
139.5 281
146.95 329
152.16 386
157.25 484
158.25 478
159.23 475
160.48 472
161.47 471
162.34 468
163.34 468
164.45 464
165.33 459
166.33 458
167.44 458
168.56 455
169.67 454
170.55 454
171.67 452
172.66 451
173.41 449
174.66 450
175.64 449
176.52 448
177.5 448
178.38 435
180 413
180.61 450
181.61 449
182.48 449
183.47 450
184.34 450
185.33 450
186.58 451
187.45 452
188.44 455
189.31 453
190.31 456
191.3 457
192.17 460
193.3 461
194.17 463
195.17 466
196.17 470
197.42 458
198.05 472
199.05 476
200.3 482
202.05 483
210.42 346
211.55 346
214.67 2511
215.92 288
220.42 360
222.42 293
227.66 2262
228.66 285
234.53 3652
235.53 3704
236.53 3806
237.41 3918
238.41 4032
239.41 4156
248.66 264
252.78 249
255.91 244
270.3 5897
276.42 5666
278.3 5897
279.3 5897
280.3 5934
281.3 5927
282.3 5998
283.31 5998
298.27 6796
299.27 6840
300.27 7008
306.38 3947
350.06 7170
351.06 7160
352.09 7155
353.09 7155
354.08 7495
17.06 12801
38.05 5961
39.05 6049
45.17 5257
46.17 5223
47.17 5326
48.17 5289
49.17 5190
50.17 5142
51.17 5092
52.16 5198
64.14 4819
65.14 4813
66.14 4793
67.14 4830
68.12 4793
69.12 4830
70.12 4841
71.12 4854
72.12 4859
73.12 4859
74.12 4854
75.12 4857
76.11 4032
77.11 3947
85.09 4169
88.08 4195
89.08 4229
90.08 4219
99.67 277
99.92 274
100.92 283
104.55 175
104.66 237
108.52 219
109.52 219
110.52 218
111.52 212
112.38 214
127.8 288
140.34 282
146.92 332
152.02 389
157.62 483
158.36 478
159.36 473
160.61 473
161.61 470
163.72 464
164.72 461
165.59 460
166.45 459
167.45 458
168.58 456
169.7 454
170.69 451
171.69 451
172.56 451
173.44 450
174.8 448
175.55 448
176.42 448
177.55 447
178.66 431
179.53 442
181.66 448
182.64 448
183.52 451
184.52 450
185.39 450
186.64 451
187.38 453
188.62 454
189.5 454
190.5 456
191.5 459
192.36 461
193.36 461
194.48 465
195.48 466
196.48 470
197.61 459
198.47 459
199.34 476
202.22 483
209.69 348
210.69 346
211.69 347
214.8 2507
215.94 287
216.42 288
220.17 360
222.67 294
227.91 2247
228.28 289
234.64 3655
235.64 3711
236.64 3819
237.52 3933
238.52 4035
239.52 4166
248.64 260
252.62 253
255.88 248
270.38 5901
275.48 5636
276.48 5594
277.36 5858
278.36 5901
279.36 5917
281.34 5937
282.34 6001
283.34 6056
297.31 6710
298.31 6779
299.31 6854
300.3 6985
306.42 3940
350.08 7170
351.06 7160
352.06 7170
353.06 7175
354.06 7522
10.94 11790
16.94 12910
37.94 5974
38.94 6060
46.05 5229
47.05 5351
48.05 5286
49.05 5203
50.05 5160
51.05 5092
52.05 5229
58.03 4859
65.02 4843
66.02 4815
67.02 4817
68.02 4839
69.02 4839
70.02 4837
71.02 4854
72.02 4850
73.02 4879
74.02 4877
75 4881
76 4176
77 4006
77.98 4828
79.98 4915
81.97 4881
86.94 4177
87.94 4197
88.94 4192
90.92 4237
91.92 4222
92.92 4222
99.91 278
100.78 280
104.39 176
106.39 235
108.38 219
109.38 219
110.36 219
111.36 214
112.36 212
128.2 285
133.03 301
139.86 280
140.73 279
146.81 334
152.16 384
157.14 484
158.38 478
159.38 475
160.02 211
160.38 471
161.25 469
162.36 468
163.36 467
164.48 461
165.22 459
166.47 459
167.34 458
168.47 455
169.33 454
170.2 454
171.45 452
172.45 451
173.19 449
174.55 450
175.42 449
176.16 449
177.16 448
180.12 494
181.11 449
182.36 448
183.22 450
184.34 450
185.2 451
186.45 451
187.06 453
188.19 453
189.05 455
190.03 456
191.16 458
192.14 459
192.89 461
194.25 464
194.88 466
195.98 469
196.97 464
197.97 471
199.08 473
199.95 481
201.69 488
210.17 345
211.42 346
214.42 2504
215.42 2475
215.92 286
220.17 358
221.94 291
227.56 2225
228.44 284
228.56 2223
229.19 284
230.06 287
234.31 3632
235.31 3692
236.31 3785
237.31 3888
238.19 4009
239.19 4126
250.92 229
257.16 250
276.14 5615
277.02 5852
280.02 5914
281.16 5940
282.16 5957
283.03 6029
298.03 6818
299.03 6827
300.02 6930
301.02 7027
306.11 3894
349.7 7184
350.7 7155
352.06 7209
353.05 7160
354.05 7479
10.62 11790
11.62 11790
37.61 5901
38.61 6053
44.72 5397
45.72 5249
46.72 5359
47.72 5310
48.72 5244
49.7 5152
50.7 5092
51.7 5249
52.7 5226
57.69 4859
61.69 4795
63.69 4813
64.69 4824
65.67 4817
66.67 4806
67.67 4826
68.67 4846
69.67 4837
70.66 4859
71.66 4850
72.66 4841
73.66 4859
75.64 4861
76.64 4012
79.64 4886
80.64 4919
86.61 4229
93.59 4314
101.09 277
104.09 176
105.08 177
109.05 218
110.05 218
111.03 217
112.03 212
127.77 296
140.92 284
147.61 337
157.66 481
158.77 476
159.67 208
160.02 474
160.88 471
162.12 468
163 464
163.86 463
164.86 461
165.84 459
167.09 458
167.95 457
168.95 455
170.06 453
171.06 452
172.05 450
172.92 450
173.91 450
175.03 449
175.89 448
177.14 448
177.88 448
179 442
179.75 479
180.73 449
181.98 448
182.97 450
183.72 449
184.83 450
185.95 451
186.81 452
187.81 454
188.67 454
189.92 455
190.78 459
191.66 461
192.77 460
193.64 462
194.64 465
195.62 467
196.88 469
197.75 465
198.88 464
199.75 477
202.5 488
207.23 385
209.98 343
210.61 344
211.73 349
215.09 2496
215.59 287
217.22 288
221.58 288
222.95 294
228.19 2237
234.92 3676
235.92 3753
236.92 3831
237.8 3982
238.8 4069
253.41 257
255.39 250
256.39 254
275.73 5580
276.61 5861
277.72 5839
280.72 5950
281.59 5937
282.59 6049
283.59 6067
297.53 6676
298.53 6796
299.53 6894
300.52 6994
349.25 7339
350.25 7165
351.69 7146
352.69 7155
353.67 7309
355.67 13748
17.12 12974
38.06 5988
39.06 6091
45.16 5252
46.16 5231
47.16 5329
48.16 5294
49.16 5211
50.14 5147
51.14 5120
52.14 5211
58.12 4859
61.11 4832
62.11 4817
63.11 4800
64.09 4806
65.09 4828
66.09 4798
67.09 4813
68.08 4815
69.08 4824
70.08 4835
71.08 4843
72.06 4850
73.06 4866
74.06 4859
75.06 4859
76.05 4018
77.05 3984
78.05 4846
79.05 4877
80.03 4910
82.03 4899
85.02 4171
87.02 4200
88 4215
89 4217
89.98 4207
91.97 4222
92.97 4235
99.08 280
99.83 278
101.19 280
104.44 176
106.42 235
108.41 219
109.39 219
110.39 219
111.39 213
112.38 213
127.98 285
133.69 309
140.39 280
147.08 330
152.28 383
157.11 485
158.34 478
159.34 474
160 211
160.22 472
161.2 471
163.06 466
164.44 462
165.44 459
166.3 459
167.17 457
168.41 455
169.28 454
170.41 452
171.39 452
172.27 451
173.25 449
174.5 450
175.12 450
176.36 448
177.48 448
179.97 492
181.2 449
182.33 447
183.44 449
184.19 450
185.19 451
186.17 451
187.05 453
188.17 454
189.16 455
190.03 456
191.28 458
192.03 459
193.27 460
194.02 463
195.14 466
196 469
197 462
197.88 475
198.88 472
199.86 482
201.86 486
202.97 492
210.33 345
210.94 346
215.41 2476
216.67 286
220.16 358
222.41 290
227.52 2222
228.28 284
228.52 2221
229.41 285
229.77 286
235.27 3683
236.25 3785
237.25 3871
238.12 4008
239.12 4105
252.62 229
256.86 255
257.11 249
276.03 5600
276.91 5868
282.02 5991
282.88 6053
298.83 6827
299.83 6907
300.81 7022
349.55 7184
350.55 7165
351.25 7160
352.23 7160
353.23 7184
11.41 11790
17.39 12755
38.34 6302
39.34 5984
44.47 5430
45.47 5221
46.45 5305
47.45 5324
48.45 5244
49.44 5187
50.44 5162
51.44 5083
52.44 5205
57.41 4904
64.38 4826
65.38 4839
66.38 4819
67.36 4813
68.36 4808
69.36 4832
70.34 4859
71.34 4859
72.34 4872
73.34 4854
74.33 4852
75.33 4866
76.33 4040
80.3 4888
85.27 4153
86.27 4210
93.22 4305
99.45 276
100.08 277
103.69 174
104.69 175
108.28 218
109.66 218
110.64 218
111.64 211
112.62 214
127.88 288
133.83 303
140.03 283
146.98 332
152.45 389
157.66 486
158.53 480
159.66 474
160.52 471
161.64 471
162.62 469
163.75 464
164.62 463
165.61 460
166.61 458
167.61 457
168.59 454
169.47 454
170.45 452
171.7 452
172.7 451
173.69 450
174.81 449
175.81 449
176.55 447
177.67 448
178.67 434
179.91 442
180.66 450
181.53 449
182.39 449
183.64 449
184.64 449
185.75 450
186.62 452
187.75 453
188.48 455
189.61 455
190.61 456
191.61 459
192.59 461
193.34 461
194.47 465
195.45 465
196.33 470
197.58 458
198.31 462
199.44 475
202.3 493
209.39 353
210.39 346
211.52 347
214.75 2506
216.02 288
220.25 362
222 294
227.86 2218
228.36 284
234.59 3642
235.59 3709
236.47 3808
237.45 3904
238.45 4029
239.45 4159
252.81 252
255.55 250
276.38 5556
278.23 5897
281.36 5940
282.23 6008
283.23 6056
298.2 6832
299.2 6854
300.2 6939
305.3 3956
306.42 3928
309.16 7587
349.95 7249
350.95 7146
351.53 7160
352.53 7155
353.53 7194
355.52 13748
10.86 11790
37.83 5967
38.83 6063
44.94 5450
45.94 5239
46.94 5361
47.94 5299
48.94 5216
49.94 5147
50.94 5087
51.94 5281
52.92 5200
57.92 4859
60.91 4793
65.91 4806
66.91 4837
67.91 4837
68.89 4830
70.89 4852
71.88 4821
72.88 4835
73.88 4846
74.88 4859
75.86 4859
76.86 4026
77.86 4848
78.84 4870
79.84 4872
80.84 4890
81.84 4901
85.81 4163
86.81 4182
87.81 4204
88.81 4212
89.8 4200
90.8 4220
99.53 278
101.41 278
104.27 176
105.27 179
106.27 234
108.25 219
109.25 219
109.98 214
110.48 219
112.22 212
127.36 284
139.3 280
140.66 287
158.06 481
159.06 475
159.95 210
160.3 473
161.05 470
162.3 468
163.28 464
164.16 462
165.28 462
166.41 459
167.27 457
168.14 455
169.25 454
170.25 454
171.36 452
172.48 451
173.09 450
174.34 450
175.33 448
176.45 448
177.44 447
180.05 492
181.41 449
182.16 447
183.16 450
184.39 450
185.14 450
186.38 450
187.12 454
188.11 454
189.11 455
189.97 457
191.09 459
192.2 459
192.95 461
193.94 463
195.19 464
195.8 469
197.05 466
197.92 473
199.05 472
199.92 480
201.8 479
202.8 494
210.42 345
211.42 345
212.42 347
215.42 2477
215.8 286
219.92 359
222.3 290
227.56 2212
227.8 283
228.55 2201
229.3 285
235.3 3683
236.28 3779
237.28 3884
238.16 4012
239.16 4103
252.64 229
255.39 250
257.14 258
276.11 5609
276.98 5861
281.98 5967
282.98 5998
283.98 6053
297.95 6796
298.94 6832
299.94 6930
300.94 7055
306.03 3912
349.67 7184
350.66 7170
351.94 7160
352.94 7175
353.94 7517
11.59 11790
17.58 12588
38.53 6102
39.52 5901
44.64 5414
45.64 5247
46.62 5361
47.62 5324
48.62 5239
49.62 5142
50.62 5107
51.62 5167
52.61 5198
57.61 4859
59.59 4835
60.59 4830
61.59 4817
62.58 4813
63.58 4826
64.58 4804
65.58 4813
66.56 4826
67.56 4821
68.56 4828
69.55 4830
70.55 4830
71.55 4824
72.55 4813
73.53 4821
74.53 4874
76.52 4000
90.47 4214
93.44 4291
100.42 277
103.92 176
104.92 176
108.27 218
108.64 218
110.88 217
111.88 212
128.12 290
139.78 286
147.48 335
152.56 395
157.89 486
158.89 477
159.75 474
160.75 471
161.61 469
162.98 465
163.84 463
164.84 462
165.72 460
166.7 458
167.7 457
168.69 454
169.81 454
170.8 452
171.8 450
173.05 451
173.78 449
174.91 448
176.02 447
176.89 447
177.62 448
179 439
179.61 463
180.73 449
181.73 448
182.59 449
183.97 449
184.7 451
185.7 451
186.56 451
187.69 453
188.56 454
189.8 455
190.55 457
191.8 459
192.55 462
193.67 462
194.55 465
195.42 468
196.67 468
197.67 463
198.67 462
199.41 477
202.41 489
207.28 381
209.78 345
210.91 345
211.77 349
215.02 2510
215.39 287
221.39 289
222.77 294
228.11 2217
234.84 3670
235.84 3750
236.84 3824
237.72 3959
238.72 4057
239.72 4214
248.58 260
252.95 257
255.2 249
256.19 252
274.56 5901
275.69 5582
277.69 5835
281.56 5947
282.55 5981
283.55 6056
297.48 6680
298.48 6801
299.47 6880
300.47 7036
350.27 7160
351.66 7155
352.64 7150
353.64 7184
355.62 13748
11.16 11790
17.14 13005
38.08 5974
39.08 6095
45.19 5247
46.19 5226
47.19 5329
48.19 5284
49.19 5208
50.17 5142
51.17 5117
52.17 5205
62.12 4811
65.12 4819
66.11 4826
67.11 4806
68.11 4793
69.11 4817
70.09 4841
71.09 4841
72.09 4848
73.09 4859
74.08 4863
75.08 4859
76.08 4034
77.08 3978
79.06 4859
80.06 4881
82.05 4892
85.03 4146
87.02 4177
88.02 4217
89 4210
90 4217
91.98 4217
92.98 4256
98.84 280
100.72 277
101.33 281
104.45 175
105.06 235
108.42 219
109.42 219
109.55 218
110.53 213
112.41 213
127.66 286
133.11 310
139.69 281
146.62 329
152.09 386
157.31 485
158.44 478
159.44 476
160.3 471
161.17 471
163.55 466
164.28 462
165.28 460
166.41 459
167.52 457
168.39 455
169.39 454
170.5 453
171.5 452
172.62 450
173.23 449
174.48 450
175.48 448
176.22 448
177.22 448
179.7 559
181.33 449
182.33 448
183.44 449
184.44 450
185.19 451
186.3 452
187.55 454
188.3 455
189.28 455
190.41 456
191.41 459
192.14 460
193.14 462
194.14 464
195.27 465
196 470
197.25 462
198.12 468
198.98 475
200.23 480
201.97 491
210.44 346
211.31 346
214.55 2500
215.55 2482
216.17 288
220.3 359
222.53 291
227.64 2214
228.16 284
229.16 284
234.38 3636
235.38 3693
236.38 3790
237.25 3898
238.25 4021
239.25 4132
252.73 230
257.22 251
276.16 5615
277.03 5865
282.02 6011
283.02 6008
297.97 6840
298.97 6854
299.97 6939
300.97 7050
306.2 3905
349.73 7184
350.72 7160
351.27 7155
352.25 7160
353.25 7175
10.58 11790
11.58 11790
37.58 5934
38.58 6088
44.69 5414
45.67 5234
46.67 5361
47.67 5307
48.67 5244
49.67 5170
50.66 5110
51.66 5195
52.66 5205
57.64 4859
59.64 4835
60.64 4819
61.62 4802
63.62 4832
64.62 4826
65.62 4806
66.61 4800
67.61 4830
68.61 4841
69.61 4854
70.61 4846
71.61 4837
72.59 4826
73.59 4839
74.59 4852
76.58 4041
77.58 4830
78.58 4870
80.56 4877
92.52 4230
100.88 277
103.98 176
104.98 177
108.97 218
109.97 218
110.97 217
111.95 212
127.81 291
139.98 286
147.05 335
152.52 394
157.84 481
158.72 477
159.72 474
160.95 471
161.83 467
162.69 467
164.06 464
164.81 461
166.05 459
166.92 458
168.03 456
168.91 454
169.91 453
170.77 452
171.89 451
172.75 451
173.88 448
174.86 449
175.98 448
176.84 449
178.09 448
178.83 441
179.83 474
180.94 449
182.06 448
182.92 449
183.92 451
184.91 451
185.66 451
186.89 451
187.64 453
189 453
189.88 455
190.61 457
191.86 461
192.59 462
193.59 462
194.7 466
195.58 469
196.69 468
197.44 465
198.8 463
199.55 478
202.66 487
207.41 385
209.66 344
210.66 345
211.91 349
215.05 2488
215.91 288
216.28 288
221.55 288
222.42 294
227.17 2205
228.17 2229
229.42 279
234.92 3676
235.92 3752
236.92 3835
237.8 3971
238.8 4066
252.28 225
253.03 258
255.03 249
256.28 254
266.62 5901
275.75 5591
277.75 5839
280.75 5930
281.62 5974
282.62 6046
283.62 6077
298.59 6814
299.59 6885
300.59 6994
349.34 7160
350.34 7175
351.72 7155
352.7 7175
353.7 7278
355.69 13748
11.25 11790
17.23 12755
39.19 6056
44.3 5428
45.3 5231
46.3 5255
47.3 5324
48.3 5257
49.3 5193
50.3 5135
51.3 5100
52.28 5195
63.27 4813
64.27 4817
65.27 4819
66.27 4793
67.25 4806
68.25 4802
69.25 4821
70.25 4843
72.23 4859
73.23 4848
74.23 4857
75.23 4859
76.22 4046
78.22 4877
79.22 4881
80.22 4895
85.19 4158
86.19 4187
89.19 4230
90.17 4230
98.92 276
100.78 277
103.66 174
104.64 175
105.27 238
107.25 219
107.62 222
108.38 219
109.86 218
111.61 211
112.61 215
128.14 288
133.22 303
140.19 283
146.89 332
152.48 390
157.58 486
158.56 481
159.56 474
160.69 472
161.67 471
162.55 468
163.53 464
164.53 463
165.66 461
166.64 458
167.89 458
168.77 455
169.62 453
170.75 451
171.86 452
172.61 450
173.61 449
174.47 449
175.72 449
176.72 447
177.7 448
178.58 435
179.69 452
180.44 449
181.69 448
182.67 449
183.67 450
184.67 451
185.66 451
186.53 451
187.39 453
188.52 454
189.52 455
190.38 456
191.38 459
192.5 461
193.61 460
194.36 465
195.61 466
196.48 472
197.48 460
198.61 460
199.36 474
202.23 483
207.36 382
209.23 347
210.84 346
211.47 348
214.84 2511
215.59 289
216.84 288
222.34 295
226.95 2210
227.95 2229
228.58 284
234.7 3663
235.7 3732
236.7 3824
237.58 3947
238.58 4053
239.58 4184
248.2 259
253.83 254
256.08 252
275.58 5536
277.58 5835
281.58 5950
282.45 6042
283.45 6049
297.42 6609
298.42 6779
299.41 6885
300.41 6985
306.52 3940
350.17 7170
351.33 7160
352.33 7184
353.31 7160
11.14 11777
17.12 13037
38.09 5994
39.09 6095
45.2 5231
46.2 5226
47.2 5318
48.2 5270
49.2 5187
50.2 5160
51.2 5100
52.2 5190
58.19 4859
61.17 4826
63.17 4813
64.16 4837
65.16 4830
66.16 4795
67.16 4804
69.16 4806
70.14 4846
71.14 4859
72.14 4852
73.14 4857
74.14 4870
75.12 4859
76.12 4026
77.12 3971
80.11 4886
85.11 4154
86.09 4179
88.09 4205
89.08 4217
90.08 4219
93.06 4290
99.56 275
100.05 277
101.05 282
104.55 175
105.03 237
107.53 225
107.66 219
108.64 219
109.64 218
111.52 212
112.5 214
127.78 287
133.86 302
139.95 282
147.14 331
152.36 388
157.33 484
158.31 480
159.44 474
160.31 472
161.42 470
162.42 466
163.55 466
164.53 464
165.41 461
166.41 458
167.41 457
168.52 454
169.77 454
170.52 452
171.5 452
172.38 450
173.75 450
174.48 449
175.48 449
176.73 448
177.47 448
178.84 435
179.84 442
181.58 449
182.7 449
183.58 449
184.69 449
185.44 450
186.56 451
187.44 453
188.56 454
189.56 453
190.42 456
191.55 458
192.3 461
193.3 462
194.42 464
195.42 466
196.41 469
197.28 459
198.28 472
199.16 477
202.41 482
210.75 346
211.5 347
214.73 2511
215.12 288
216.12 288
220.11 364
222.11 294
227.86 2237
228.11 285
234.61 3657
235.61 3722
236.48 3817
237.61 3934
238.48 4047
239.48 4187
248.86 260
254.97 251
255.59 249