5.23 13784
7.55 11790
8.12 11751
13.98 13233
14.56 12440
30.5 5887
32.27 5571
32.84 5697
33.44 5636
35.19 5175
38.7 4890
39.3 4702
39.88 4704
40.47 4696
41.05 4828
41.64 4811
42.22 4785
42.81 4727
43.39 4682
43.98 4627
44.56 4577
45.16 4615
45.73 4488
46.33 4692
46.91 4719
47.5 4643
53.36 4194
53.95 4164
54.55 4161
55.12 4153
55.72 4156
56.3 4146
56.89 4151
57.47 4130
58.06 4148
58.64 4146
59.23 4163
59.83 4166
60.41 4158
61 4154
61.58 4135
62.17 4153
62.75 4132
63.34 4137
63.94 4134
64.52 4105
65.11 4126
65.69 4127
66.28 4122
66.88 4140
67.45 4126
68.05 4154
68.64 4158
69.22 4187
69.81 4138
70.41 4119
70.98 4142
71.58 4172
72.17 4154
72.75 4150
73.34 4138
74.06 3279
74.64 3229
75.7 4153
76.28 4184
76.88 4167
77.47 4171
78.05 4204
78.64 4182
79.23 4215
79.81 4214
81 4185
85.23 3451
86.41 3463
88.17 3493
89.34 3515
92.3 3563
92.88 3523
100.23 280
100.56 279
101.02 222
103.78 175
104.38 176
104.75 237
104.95 179
107.31 223
107.7 220
107.89 218
108.48 219
109.66 219
109.97 217
110.25 218
111.02 213
111.44 211
127.23 283
128.08 289
134.03 374
138.83 281
139.92 283
140.64 279
146.39 338
147.23 335
151.86 382
152.33 389
156.94 481
157.55 478
158.39 479
158.73 475
159.45 473
160.17 470
160.89 472
161.25 470
161.72 467
162.44 466
163.03 467
163.75 463
164.34 463
164.94 460
165.53 461
166 459
166.59 457
167.31 455
168.03 455
168.62 454
169.09 454
169.69 454
170.41 452
170.88 453
171.47 451
172.06 450
172.53 449
173.38 450
173.97 450
174.31 450
175.03 449
175.62 448
176.47 446
176.81 446
177.41 447
178 445
179.09 421
180.52 448
181.11 448
181.58 448
182.05 450
182.89 448
183.61 449
183.84 452
184.56 451
185.16 449
185.75 450
186.22 451
186.95 453
187.67 452
188.14 453
188.86 454
189.33 455
190.06 456
190.66 457
191 458
191.59 460
192.44 461
193.03 460
193.52 463
193.98 464
194.83 464
195.42 466
196.02 469
196.62 468
197.09 456
197.81 470
198.41 461
198.75 476
199.23 476
201.78 487
202.39 492
208.97 352
210.08 343
210.56 345
210.78 345
211.27 354
214.44 2464
215.05 2450
215.67 287
216.28 288
220.02 355
221.48 289
221.97 293
222.7 295
227.06 3015
227.67 3029
228.52 283
228.67 282
234.34 3599
234.95 3564
235.56 3649
236.16 3719
236.77 3770
237.25 3826
237.86 3908
238.47 3978
239.08 4024
245.55 260
247.61 259
252.05 225
255.53 247
256.64 251
257 258
275.53 6336
282.23 6885
283.45 6885
284.06 6885
296.86 7511
297.48 7533
298.09 7603
298.7 7636
302.98 8166
303.61 8217
304.22 8236
304.83 8255
305.44 8262
306.05 8262
343.47 7522
344.09 7344
344.7 7268
345.31 7258
345.92 7273
346.55 7283
347.16 7283
347.77 7365
348.39 7309
349 7603
357.77 13748
8.17 11790
14.36 13468
32.42 5606
33.03 5803
33.66 5642
35.53 5162
38.66 4890
39.27 4713
39.89 4721
40.52 4711
41.14 4824
41.77 4808
42.39 4780
43.02 4721
43.64 4665
44.27 4603
44.89 4585
45.52 4513
46.12 4686
46.75 4753
47.38 4661
52.98 4271
54.86 4153
55.48 4164
56.11 4158
56.73 4148
57.36 4163
57.98 4169
58.61 4132
59.23 4146
59.86 4145
60.48 4134
61.11 4140
61.73 4132
62.36 4132
62.98 4150
63.61 4124
64.23 4099
64.86 4134
65.48 4122
66.11 4135
66.73 4150
67.36 4127
67.98 4148
68.61 4150
69.23 4134
69.86 4146
70.48 4140
71.11 4142
71.73 4153
72.36 4143
72.98 4180
73.73 3249
74.36 3227
74.98 3229
76.11 4166
76.73 4163
77.36 4158
77.98 4180
78.61 4217
79.25 4207
79.88 4197
81.12 4204
85 3451
85.62 3465
86.27 3479
86.89 3516
87.52 3489
88.14 3493
91.89 3486
92.53 3569
93.16 3494
101.16 277
101.78 212
103.66 176
104.3 175
104.92 178
107.06 218
108.06 219
108.44 219
108.81 219
110.06 214
110.56 218
111.81 212
112.45 216
127.52 285
128.02 294
140.19 279
140.31 285
146.61 332
147.48 329
151.75 383
152.38 392
156.55 485
157.44 483
157.83 480
158.58 475
159.22 474
159.52 211
159.86 469
160.62 471
161.12 470
161.77 465
162.41 466
162.92 468
163.92 464
164.56 462
165.2 459
165.72 459
166.34 458
166.86 459
167.62 456
168.27 455
169.14 454
169.66 453
170.17 454
170.94 452
171.56 451
172.2 450
172.72 451
173.23 450
174.11 450
174.88 449
175.39 448
176.03 449
176.66 447
177.17 448
178.05 447
178.45 546
178.81 435
179.7 484
181.23 448
181.86 448
182.38 449
183.12 450
183.52 450
184.16 450
184.78 451
185.67 452
186.19 452
186.56 452
187.2 453
187.95 454
188.59 451
189.36 455
189.73 456
190.38 458
191.27 458
191.89 460
192.41 462
192.91 462
193.55 464
194.19 464
195.06 466
195.45 468
196.22 470
196.73 466
197.5 465
198.14 463
198.78 471
199.3 476
199.94 488
201.62 482
202.27 491
207.25 375
209.3 346
210.06 345
210.83 345
211.22 349
214.8 2450
215.56 287
216.45 287
221.23 288
222.12 292
222.52 295
226.92 2985
227.56 3016
228.17 284
228.94 282
229.34 285
234.66 3581
235.3 3600
235.94 3707
236.58 3750
237.23 3809
237.75 3904
238.39 3984
239.05 4008
245.95 260
248.89 259
252.36 236
252.94 257
255.25 247
255.64 252
255.91 259
275.17 6321
275.83 6336
283.59 6885
297.2 7527
297.86 7554
298.5 7592
303.7 8255
304.34 8262
305 8262
343.42 7511
344.08 7344
344.72 7263
345.38 7258
346.03 7273
346.67 7283
347.33 7344
347.98 7309
348.64 7309
349.28 7641
7.61 11790
8.27 11790
14.19 13554
32.78 5588
33.44 5606
34.09 5405
34.77 5252
38.72 4879
39.39 4727
40.05 4702
40.7 4717
41.38 4821
42.03 4800
42.69 4742
43.34 4706
44 4623
44.66 4589
45.33 4577
45.98 4525
46.64 4702
47.3 4633
52.58 4351
53.23 4190
53.89 4166
54.55 4135
55.2 4143
55.88 4134
56.53 4129
57.19 4143
57.84 4142
58.5 4134
59.17 4140
59.83 4140
60.48 4132
61.14 4145
61.8 4138
62.47 4138
63.12 4138
63.78 4148
64.45 4092
65.11 4122
65.78 4129
66.44 4130
67.11 4176
67.77 4138
68.42 4130
69.09 4134
69.75 4143
70.42 4118
71.08 4145
71.75 4145
72.41 4138
73.08 4151
73.86 3280
74.52 3229
76.39 4161
77.05 4166
77.72 4171
78.38 4214
79.03 4194
79.7 4210
81.03 4185
85.12 3451
85.8 3461
86.45 3477
87.78 3475
88.44 3511
89.11 3472
89.77 3497
93.08 3494
100.97 278
102.44 237
103.77 176
104.42 175
105.08 176
107.14 219
108.72 219
109.06 219
109.88 218
109.92 215
111.7 211
112.38 214
128 289
139.45 282
140.25 276
147.19 332
152.19 394
156.67 485
157.33 483
158 478
158.92 475
159.34 473
160.14 471
160.81 470
161.34 469
162.27 467
162.94 465
163.61 464
164.03 463
165.06 459
165.48 461
166.41 457
167.08 458
167.62 458
168.41 455
169.08 454
169.62 451
170.3 452
171.09 453
171.64 452
172.55 449
172.97 448
173.64 447
174.3 450
174.84 450
175.89 448
176.44 447
176.84 448
177.64 448
178.31 434
180.19 449
181.11 449
181.64 448
182.31 449
182.86 450
183.64 449
184.31 450
185.11 450
185.78 451
186.56 452
186.98 452
187.66 453
188.56 453
189.23 454
189.53 456
190.2 457
190.98 457
191.53 461
192.08 461
193 460
193.42 464
194.47 464
195.02 466
195.58 468
196.25 468
197.05 466
197.59 469
198.53 462
198.95 476
199.75 479
202.2 486
207.14 383
209.91 344
210.09 345
210.77 345
211.81 347
214.7 2468
215.02 288
215.38 2452
216.06 289
221.09 290
222.28 292
222.33 294
227.41 3015
228.09 3031
228.73 282
228.78 282
234.84 3576
235.53 3632
236.2 3713
236.89 3774
237.56 3835
238.11 3937
238.8 3985
239.47 4100
251.39 232
253.11 260
256.64 249
275.36 6317
297.12 7522
297.81 7554
298.5 7598
303.25 8242
303.94 8262
304.61 8217
305.97 8262
343.42 7511
344.09 7319
344.78 7289
345.47 7239
346.14 7263
346.83 7263
348.19 7334
348.88 7543
7.33 11790
8.02 11790
14.23 12770
32.31 5565
33 5813
33.69 5651
36.45 5162
38.53 4879
39.22 4802
39.92 4704
40.61 4706
41.3 4843
41.98 4815
42.69 4753
43.38 4700
44.06 4647
44.75 4595
45.45 4509
46.14 4593
46.83 4721
47.52 4671
53.06 4235
55.14 4156
55.83 4153
56.52 4145
57.22 4161
57.91 4146
58.59 4130
59.3 4142
59.98 4132
60.67 4111
61.36 4148
62.06 4148
62.75 4121
63.44 4132
64.14 4134
64.83 4143
65.52 4118
66.22 4161
66.91 4156
67.59 4146
68.3 4145
68.98 4169
69.67 4146
70.38 4151
71.06 4126
71.75 4150
72.45 4148
73.14 4159
73.97 3287
74.66 3230
76.62 4176
77.31 4182
78.02 4182
78.7 4220
79.41 4200
85.08 3451
85.78 3465
86.47 3478
87.86 3468
88.56 3500
89.25 3484
92.03 3485
92.73 3499
93.42 3536
100.38 277
103.58 175
104.27 175
104.97 178
108.44 219
109.12 219
109.83 219
110.52 218
111.22 214
111.91 212
113.38 259
127.72 284
127.92 289
138.92 281
140 285
146.81 331
152.61 390
157.45 483
157.91 480
158.61 478
159.55 472
160.25 471
160.95 470
161.78 468
162.92 464
163.62 463
164.58 462
165.16 459
165.86 459
166.56 458
167.12 456
167.83 456
168.78 453
169.48 453
170.06 453
170.77 450
171.58 451
172.03 450
172.86 451
173.69 449
174.52 448
175.09 449
175.67 447
176.23 447
177.06 448
177.77 447
179.75 486
180.81 450
181.39 448
182.09 448
182.55 450
183.38 449
184.33 451
184.66 452
185.61 451
186.06 451
186.89 452
187.59 452
188.3 453
189.14 454
189.97 456
190.42 456
191.25 458
191.95 460
192.67 462
193.25 462
193.83 462
194.78 464
195.48 466
195.95 469
196.66 468
197.61 462
198.19 461
198.89 470
199.47 476
207.03 385
209.78 344
210.75 345
211.33 348
211.91 349
214.67 2470
215.38 2448
215.75 288
216.83 287
221.8 288
222.25 293
222.84 296
227.31 3013
228.02 3033
228.89 282
235.09 3564
235.81 3691
236.52 3723
237.22 3797
237.81 3902
238.52 3949
239.22 4074
247.06 260
252.39 237
252.64 247
252.64 374
254.34 256
255.61 249
256.81 257
275.39 6347
284.7 6885
296.88 7511
297.58 7533
298.3 7570
299.02 7641
304 8242
304.72 8262
305.42 8230
344.06 7490
344.78 7268
345.48 7258
346.2 7268
346.92 7273
347.64 7680
348.36 7349
349.06 7619
5.55 13748
8.44 11790
14.22 13167
32.41 5612
33.12 5800
33.86 5541
38.92 4881
39.64 4717
40.38 4684
41.09 4841
41.81 4815
42.55 4755
43.27 4709
43.98 4651
44.72 4587
45.44 4525
46.16 4565
46.89 4738
47.61 4637
52.69 4351
53.41 4207
54.12 4172
54.86 4169
55.58 4159
56.31 4126
57.03 4135
57.75 4145
58.48 4150
59.2 4156
59.92 4159
60.66 4118
61.38 4130
62.11 4130
62.83 4130
63.55 4132
64.28 4102
65 4119
65.72 4121
66.45 4102
67.17 4106
67.91 4143
68.62 4151
69.34 4159
70.08 4153
70.8 4127
71.52 4134
72.25 4154
72.97 4163
73.83 3259
74.55 3233
76.59 4156
77.33 4192
78.05 4182
78.78 4205
79.5 4200
86.16 3468
86.88 3489
87.61 3492
88.33 3509
89.78 3506
91.95 3471
92.69 3524
93.41 3556
100.47 277
104.42 175
105.14 179
108 219
108.77 219
110.22 219
110.95 217
111.67 211
112.03 215
126.95 283
128.3 290
139.92 281
140.14 278
147.03 331
152.25 388
152.48 392
156.97 481
157.7 480
158.56 477
159.17 474
159.66 211
160.02 471
160.62 471
161.61 467
162.22 468
162.81 464
163.67 463
164.53 463
165.14 459
166.12 459
166.84 458
167.58 455
168.19 456
169.05 454
169.53 453
170.5 452
170.98 452
172.09 451
172.58 451
173.55 449
174.03 450
175.02 448
175.62 448
176.11 447
177.2 448
177.81 447
178.53 550
178.8 433
179.75 487
180.61 448
181.47 448
182.2 448
182.69 451
183.66 449
184.27 449
185 452
185.73 451
186.58 450
187.06 453
187.92 454
188.78 453
189.64 454
190.36 456
190.72 458
191.7 460
192.44 459
193.05 460
193.53 462
194.52 463
195.25 465
196.72 470
197.45 463
198.06 453
198.81 472
199.67 477
202.36 486
209.88 346
209.98 345
210.84 346
211.97 349
214.72 2462
215.41 288
215.45 2456
216.64 288
221.69 290
222.3 293
227.16 3013
227.89 3037
228.45 284
229.19 283
235.28 3577
236.02 3697
236.75 3744
237.5 3819
238.11 3925
238.84 3978
249.17 260
252.27 234
256.19 249
256.3 257
275.02 6355
275.75 6287
297.23 7522
297.97 7527
298.7 7565
303.14 8217
303.89 8236
304.62 8249
306.11 8262
306.84 8262
343.98 7511
344.72 7258
345.47 7254
346.2 7263
346.95 7273
347.69 7506
348.44 7319
349.17 7598
5.56 13748
7.81 11790
8.55 11816
14.53 12663
32.59 5606
33.34 5697
34.09 5447
38.58 4879
39.33 4772
40.08 4704
40.83 4759
41.58 4830
42.33 4789
43.08 4723
43.83 4653
44.56 4605
45.31 4589
46.06 4526
46.81 4719
47.56 4661
52.81 4351
53.56 4180
55.06 4138
55.81 4163
56.55 4135
57.3 4142
58.05 4172
58.8 4138
59.55 4130
60.3 4134
61.05 4132
61.8 4138
62.55 4140
63.3 4132
64.05 4145
64.8 4119
65.55 4132
66.3 4135
67.05 4151
67.8 4143
68.53 4138
69.28 4142
70.03 4134
70.78 4108
71.53 4138
72.28 4154
73.03 4151
73.91 3296
74.66 3222
76.02 4140
76.77 4167
77.52 4169
78.27 4179
79.02 4176
79.77 4190
81.27 4166
85.12 3451
86.62 3461
87.38 3496
88.12 3487
90.38 3509
92.61 3542
93.36 3514
101.11 277
103.73 176
104.48 175
107.59 219
108.97 219
109.22 219
109.97 214
110.47 218
111.47 212
127.94 284
128.69 289
134.31 362
139.81 285
140.06 280
147.06 331
147.81 330
152.33 390
157.48 486
158.23 478
159.11 475
159.86 475
160.73 471
161.23 469
162.12 469
162.62 465
163.5 463
164.5 461
165.25 460
165.75 460
166.77 458
167.39 456
168.14 455
168.77 455
169.89 453
170.27 453
171.14 453
171.89 451
172.52 451
173.52 450
174.02 452
174.91 450
175.78 449
176.28 447
177.16 448
178.16 447
178.78 440
179.53 455
180.28 451
181.03 449
181.91 448
182.41 449
183.42 450
184.17 450
184.67 451
185.42 450
186.17 452
186.92 452
187.67 453
188.55 453
189.42 454
190.05 457
190.81 457
191.56 458
192.08 460
192.83 461
193.59 463
194.34 465
195.11 466
196 469
196.62 471
197.52 463
198.27 459
199.16 474
199.55 481
202.7 489
207.25 382
209.78 346
210.78 344
211.17 348
214.64 2469
215.39 2451
215.95 285
216.59 287
221.42 289
221.81 294
227.45 3021
229.14 282
235.06 3564
235.83 3669
236.59 3724
237.34 3809
238.11 3915
238.75 3965
239.52 4099
252.36 229
253.02 240
255.56 247
275.31 6351
297.53 7522
298.3 7565
299.06 7608
303.66 8255
344.27 7344
345.03 7254
345.8 7278
346.58 7254
347.34 7258
348.11 7329
348.88 7432
358.09 13856
7.36 11790
8.12 11790
14.33 12368
32.27 5515
33.03 5778
33.81 5639
38.45 4859
39.23 4846
40 4706
40.78 4755
41.55 4832
42.33 4789
43.11 4723
43.88 4661
44.66 4587
45.42 4548
46.2 4585
46.97 4744
47.75 4637
53.17 4217
53.95 4159
54.73 4158
55.5 4145
56.28 4146
57.06 4148
57.83 4153
58.61 4148
59.39 4164
60.16 4151
60.94 4135
61.72 4122
62.48 4118
63.27 4122
64.05 4145
64.81 4138
65.59 4108
66.38 4135
67.14 4132
67.92 4143
68.7 4129
69.47 4121
70.25 4146
71.03 4119
71.8 4102
72.58 4138
73.36 4132
74.25 3280
75.03 3226
76.45 4176
77.23 4184
78.02 4176
78.8 4200
79.56 4214
81.12 4192
85.12 3451
86.69 3478
87.45 3493
88.23 3509
89.8 3506
92.12 3452
92.89 3492
100.11 281
101.25 280
104.16 175
104.94 178
108.44 218
109.59 219
109.88 219
111.16 215
111.92 212
126.92 288
127.95 290
139.61 282
147 326
147.78 325
152.36 391
156.7 484
157.61 483
158.39 479
159.3 474
160.2 472
160.73 471
161.64 469
162.55 466
163.33 464
164.11 464
164.77 463
165.8 460
166.58 458
167.23 457
168.02 456
168.8 454
169.7 453
170.48 452
171.27 453
172.05 450
172.83 450
173.48 448
174.39 449
175.17 450
176.09 449
176.86 447
177.52 447
178.17 445
180.52 449
181.3 449
182.2 448
182.86 449
183.52 449
184.55 450
185.08 450
185.86 451
186.64 452
187.55 454
188.33 454
188.98 453
189.89 456
190.55 458
191.33 459
192.36 461
193.14 459
193.67 463
194.58 464
195.36 464
196.27 468
196.67 472
197.58 468
198.36 463
199.39 475
199.92 480
202.41 486
206.84 378
209.84 345
210.77 344
211.3 348
214.78 2458
215.22 284
216.12 288
219.86 359
222.28 289
222.7 294
227.3 3012
228.09 3038
228.73 285
229.27 284
235.19 3575
235.98 3689
236.66 3749
237.56 3831
238.23 3963
239.02 4002
252.83 261
253.03 375
275.27 6336
284 6885
284.8 6885
297.5 7527
298.3 7554
299.09 7598
303.84 8230
304.64 8255
305.44 8262
344.28 7339
345.08 7278
345.88 7249
346.67 7258
347.45 7329
348.25 7294
349.05 7614
358.06 13874
7.33 11790
8.12 11790
14.5 13021
30.47 5901
32.2 5518
33 5660
33.8 5636
38.59 4872
39.39 4783
40.19 4706
41 4859
41.8 4832
42.59 4770
43.39 4709
44.19 4631
44.98 4607
45.78 4530
46.58 4696
47.39 4635
52.97 4297
53.78 4151
55.38 4148
56.17 4171
56.97 4154
57.77 4142
58.56 4156
59.36 4150
60.17 4151
60.97 4163
61.77 4138
62.56 4119
63.36 4138
64.16 4143
64.95 4142
65.75 4150
66.56 4150
67.36 4146
68.16 4156
68.95 4135
69.75 4143
70.55 4130
71.36 4129
72.16 4156
72.95 4135
73.88 3286
74.67 3230
76.16 4135
76.95 4135
77.75 4167
78.55 4212
79.36 4204
85.08 3443
85.88 3465
86.67 3459
87.47 3472
89.88 3477
93.08 3509
100.72 278
102.05 215
104.45 175
107.75 219
108.45 219
110.05 219
110.77 211
110.84 218
111.95 214
127.53 284
139.28 280
140.95 283
146.39 330
147.83 332
152.33 391
157.22 483
158.02 479
159.08 474
159.88 472
160.56 472
161.36 470
162.42 469
163.09 465
163.91 463
164.83 461
165.52 460
166.31 458
167 459
167.92 456
168.86 453
169.53 453
170.47 454
171.02 452
172.2 451
173 452
173.8 449
174.48 450
175.16 449
175.83 448
176.64 449
177.69 447
178.3 610
178.5 430
179.59 488
181.83 448
182.25 450
183.19 450
184.11 450
185.05 450
185.47 451
186.52 451
187.2 452
188.12 452
188.92 454
189.48 455
190.66 457
191.22 458
192.02 459
192.56 462
193.5 463
194.3 464
195.22 466
196.58 470
197.77 465
198.31 460
199.25 475
199.81 479
202.11 487
207.41 374
209.03 353
209.97 346
210.66 345
211.34 348
214.44 2463
215.25 2450
215.95 288
216.39 292
221.73 290
222.67 293
227.27 3010
227.72 283
228.08 3037
235.38 3588
236.19 3701
236.86 3788
237.8 3895
238.48 3954
239.3 4083
252.47 225
256.08 247
257.27 256
275.7 6332
284.64 6885
296.84 7511
297.66 7527
298.48 7576
303.36 8223
304.17 8262
304.98 8262
305.8 8262
306.61 8262
307.42 8262
343.95 7511
344.77 7309
345.58 7294
346.39 7268
347.2 7258
348.02 7299
348.83 7390
8.39 11790
30.44 5901
32.2 5507
33.02 5651
33.84 5636
38.75 4886
39.56 4721
40.38 4678
41.2 4846
42.02 4806
42.84 4746
43.66 4700
44.47 4599
45.28 4611
46.11 4544
46.92 4744
47.73 4633
52.64 4351
53.45 4202
54.27 4156
55.08 4156
55.91 4150
56.72 4163
57.53 4153
58.34 4153
59.98 4142
60.8 4113
61.61 4150
62.44 4127
63.25 4132
64.06 4127
64.88 4153
65.7 4122
66.52 4132
67.33 4163
68.14 4154
68.97 4151
69.78 4142
70.59 4148
71.42 4146
72.23 4156
73.06 4143
74 3281
74.83 3224
76.33 4177
77.16 4166
77.97 4189
78.8 4205
79.61 4195
81.25 4212
86.3 3457
87.11 3466
87.94 3477
88.75 3508
90.39 3497
92.03 3475
92.84 3503
93.67 3562
100.44 283
103.5 179
104.31 175
105.12 178
107.77 219
109.22 219
109.59 218
110.03 219
110.91 211
112.48 214
127.56 289
139.23 282
139.8 285
146.75 338
147.08 336
157.42 483
158.36 480
159.06 475
159.83 212
160.14 470
161.08 471
161.53 468
162.34 467
163.3 464
164.25 459
164.94 460
166.02 460
166.7 458
167.53 457
168.36 454
169.17 453
170.25 453
170.81 452
171.52 451
172.72 451
173.53 449
174.23 449
174.8 449
176 448
176.7 448
177.27 448
178.28 595
178.33 446
179.47 483
181.48 448
182.3 448
183.23 450
184.06 449
184.88 450
185.44 451
186.27 451
187.08 452
188.14 454
188.97 454
189.91 455
190.59 457
191.3 457
192.11 460
192.8 460
193.88 462
194.56 466
195.12 466
196.08 471
196.89 460
197.7 469
198.53 465
199.34 474
202.62 492
209.41 345
210.73 346
211.19 347
215.02 2449
215.25 287
216.58 287
220.05 365
222 292
228.12 3037
234.72 3586
235.55 3620
236.38 3723
237.2 3793
237.89 3900
238.72 3933
239.55 4099
253.5 270
253.67 260
256.64 251
275.8 6321
284.05 6885
284.88 6885
297.25 7511
298.08 7543
298.91 7625
303.03 8204
303.86 8236
304.69 8223
305.52 8230
306.34 8262
344.39 7380
345.22 7278
346.03 7249
346.86 7268
347.69 7653
348.52 7329
349.34 7576
8.38 11790
14.19 12633
32.59 5513
33.42 5651
38.42 4883
39.25 4877
40.09 4721
40.92 4802
41.75 4819
42.58 4776
43.42 4713
44.25 4621
45.08 4597
45.92 4492
46.75 4704
47.58 4680
53.41 4180
54.23 4156
55.06 4159
55.89 4156
56.72 4142
57.56 4143
58.39 4145
59.22 4154
60.05 4148
60.88 4140
61.7 4130
62.55 4134
63.38 4122
64.2 4142
65.03 4129
65.86 4126
66.69 4135
67.52 4132
68.36 4135
69.19 4142
70.02 4169
70.84 4156
71.67 4142
72.5 4143
73.34 4132
74.3 3251
75.12 3206
76.66 4180
77.48 4179
78.33 4212
79.16 4195
79.98 4209
80.81 4200
85.11 3447
85.94 3451
86.77 3449
87.61 3487
88.44 3497
89.27 3492
91.77 3500
92.59 3532
93.44 3522
101.55 278
104.14 175
104.97 177
108.12 219
109.97 219
110.8 218
111.62 211
112.47 214
127.47 282
128.05 290
134.5 361
140.16 282
140.86 277
147.34 336
152.17 393
157.25 484
158.34 478
159.3 476
159.77 211
160.12 472
160.84 473
161.8 469
162.62 465
163.45 465
164.16 462
165.23 460
165.95 459
166.66 458
167.73 456
168.44 455
169.14 453
169.98 454
171.19 451
171.64 451
172.72 452
173.42 450
174.39 449
175.09 449
176.17 448
176.75 448
177.7 447
178.62 571
178.78 430
179.83 490
181.86 448
182.69 449
183.28 449
184.36 449
185.19 451
186.14 451
186.72 452
187.44 453
188.52 454
189.36 453
190.19 456
191.03 458
191.86 459
192.7 462
193.41 463
194.25 465
194.84 467
195.92 469
196.89 470
197.47 463
198.44 461
199.27 477
200.11 478
202.25 489
207.55 387
209.36 348
210.44 346
211.41 346
212.23 351
215.06 2455
215.62 282
216.34 287
221.95 292
227.52 3019
228.08 284
229.28 282
235.06 3571
235.91 3672
236.73 3741
237.45 3826
238.42 3950
239.12 4015
247.98 260
252.52 225
257.39 260
257.55 249
275.19 6276
297.09 7511
297.94 7538
298.77 7625
303.81 8242
304.64 8255
305.48 8249
306.33 8275
344.28 7411
345.12 7294
345.98 7239
346.83 7254
348.52 7354
349.36 7630
8.78 11790
14.7 12663
32.67 5556
33.53 5639
38.62 4874
39.47 4789
40.33 4698
41.17 4863
42.02 4811
42.86 4757
43.72 4671
44.56 4601
45.41 4567
46.25 4591
47.11 4698
47.95 4631
53.05 4302
54.73 4135
55.59 4154
56.44 4148
57.28 4154
58.12 4166
58.98 4146
59.83 4140
60.67 4126
61.53 4148
62.38 4151
63.22 4127
64.06 4134
64.92 4138
65.77 4132
66.61 4169
67.47 4132
68.31 4129
69.16 4159
70.02 4143
70.86 4134
71.72 4143
72.56 4150
73.41 4140
74.39 3269
75.97 4142
76.81 4151
77.66 4187
78.52 4212
79.36 4202
81.06 4182
86.28 3469
87.98 3468
88.84 3482
92.23 3500
93.09 3508
101.02 277
103.86 176
104.72 175
107.59 219
109.69 219
110.41 218
111.36 213
111.52 212
127.95 285
140.2 280
140.3 283
147.06 335
157.73 481
158.58 477
159.31 473
160.3 474
161.27 471
162 468
162.98 465
163.97 463
164.69 463
165.42 461
166.53 458
167.25 458
167.98 456
168.97 453
169.83 453
170.8 451
171.66 451
172.52 451
173.36 449
174.22 450
175.08 448
176.06 447
176.91 449
177.64 448
178.48 613
178.5 430
179.95 490
181.8 448
182.66 449
183.5 450
184.61 450
185.47 450
186.08 451
187.05 453
187.91 454
188.77 455
189.5 456
190.47 455
191.08 458
192.19 460
193.05 461
193.64 463
194.5 464
195.36 467
196.09 470
197.06 467
198.17 471
198.78 468
199.77 478
202.33 482
207.23 378
209.31 353
210.17 346
211.16 346
212.14 349
215.11 2451
215.58 288
216.19 287
222.69 293
226.98 2986
227.84 3025
228.69 284
229.05 285
230.03 284
235.58 3600
236.44 3722
237.17 3808
238.03 3912
238.89 3987
247.7 262
252.41 232
253.48 254
256.67 260
256.81 249
275.77 6321
283.52 6885
284.38 6880
297.27 7511
298.12 7554
298.98 7619
304.12 8262
304.98 8236
305.84 8262
306.7 8262
343.73 7511
344.59 7339
345.45 7258
346.31 7258
347.17 7258
348.03 7360
348.89 7375
8.69 11790
14.75 12573
33.09 5648
33.95 5574
39.16 4906
40.02 4721
40.88 4791
41.75 4824
42.61 4785
43.48 4700
44.34 4619
45.2 4603
46.08 4526
46.94 4717
47.8 4643
53 4335
54.72 4153
55.59 4146
56.45 4163
57.33 4156
58.19 4158
59.05 4138
59.92 4135
60.78 4119
61.64 4124
62.52 4118
63.38 4129
64.25 4134
65.11 4127
65.97 4140
66.84 4118
67.7 4111
68.58 4138
69.44 4142
70.3 4145
71.17 4129
72.03 4110
72.91 4150
73.89 3275
74.75 3227
75.5 4135
76.36 4143
77.23 4161
78.09 4169
78.95 4182
79.83 4212
80.69 4192
85.14 3440
86.88 3491
87.73 3491
88.61 3480
89.47 3497
90.34 3500
92.08 3452
92.94 3508
100.41 278
104.64 175
105.12 238
108.11 218
108.97 218
109.84 219
110.7 218
111.83 211
112.44 214
127.62 290
139.98 282
140.22 284
146.88 335
152.56 389
157.89 481
158.75 476
159.62 474
160.48 473
161.23 470
162.34 467
163.09 466
164.22 463
164.83 461
165.83 459
166.56 459
167.69 457
168.3 455
169.3 454
170.03 453
171.03 452
172.03 451
172.77 450
173.64 449
174.75 449
175.62 448
176.48 448
177.11 448
177.98 446
178.97 441
179.47 472
180.59 449
181.59 448
182.59 449
183.33 450
184.33 450
184.95 452
185.95 451
186.7 452
187.56 452
188.31 454
189.31 454
190.31 456
191.06 458
192.06 460
192.8 462
193.55 462
194.42 465
195.55 466
196.05 469
197.91 472
198.91 469
199.66 474
202.27 487
207.38 383
209.88 348
210.62 346
211.5 346
214.61 2463
215.48 288
215.48 2446
217.23 288
221.98 289
222.84 294
227.58 3028
228.59 285
229.22 284
235.44 3582
236.31 3714
237.19 3797
238.06 3897
238.81 3956
246.69 265
248.44 260
251.06 230
252.94 256
256.31 251
275.47 6328
297.38 7517
298.25 7549
299.12 7625
304.38 8262
305.25 8262
343.78 7511
344.66 7339
345.53 7263
346.41 7258
347.28 7273
348.16 7319
349.05 7506
5.72 13820
7.47 11790
8.34 11790
14.5 13216
33.09 5654
33.98 5588
39.27 4888
40.14 4709
41.02 4828
41.91 4815
42.78 4768
43.66 4698
44.55 4611
45.42 4583
46.3 4653
47.19 4688
48.06 4627
53.34 4214
54.22 4169
55.11 4174
55.98 4150
56.86 4154
57.75 4143
58.62 4145
59.5 4171
60.39 4158
61.27 4161
62.14 4154
63.03 4132
63.91 4138
64.78 4135
65.67 4111
66.55 4127
67.44 4145
68.31 4148
69.19 4145
70.06 4126
70.95 4106
71.83 4135
72.7 4138
73.72 3225
74.59 3215
76.23 4153
77.11 4164
77.98 4172
78.88 4214
79.75 4202
81.52 4179
85.16 3453
86.91 3468
87.8 3493
88.67 3484
90.44 3555
92.19 3477
93.08 3507
101.34 277
101.45 221
103.97 175
104.84 176
109.23 219
109.23 219
110.62 212
110.98 218
127.94 287
134.23 359
139 280
140.12 285
146.92 335
156.98 486
157.86 483
158.86 476
159.88 473
160.75 473
161.77 469
162.52 466
163.52 462
164.41 463
165.16 460
166.28 459
166.92 459
168.17 457
168.69 455
169.94 453
170.81 452
171.45 452
172.45 450
173.2 448
174.09 450
175.22 450
175.98 449
176.98 447
177.48 448
178.75 435
179.5 444
180.38 450
181.14 449
182.14 448
183.16 448
183.78 449
184.8 450
185.56 451
186.56 451
187.33 453
188.22 453
189.22 455
190.11 457
191 459
191.88 460
192.52 462
193.53 462
194.53 465
195.3 466
196.19 470
197.2 460
197.95 470
198.72 467
199.73 477
202.27 487
207.31 384
209.7 346
210.47 346
211.61 347
214.83 2464
216.41 288
219.97 357
222.48 297
222.61 291
227.11 3007
227.98 3022
228.81 282
229.19 285
235.08 3580
235.97 3696
236.86 3744
237.61 3842
238.5 3940
239.39 4083
250.84 225
253.14 253
256.33 261
256.94 250
275.72 6355
284.61 6885
296.17 7511
297.06 7511
297.94 7543
298.83 7636
304.16 8242
305.05 8262
305.92 8262
344.12 7437
345.02 7254
345.91 7234
346.8 7254
347.69 7625
348.58 7309
349.47 7581
5.5 13820
8.17 11790
14.41 13216
32.38 5565
33.28 5781
34.17 5473
35.95 5162
38.64 4890
39.53 4721
40.42 4698
41.31 4839
42.2 4791
43.11 4736
44 4663
44.89 4609
45.78 4548
46.67 4717
47.58 4649
48.47 4591
52.92 4346
54.7 4135
55.59 4163
56.48 4200
57.38 4164
58.27 4163
59.16 4156
60.05 4150
60.94 4142
61.84 4118
62.73 4091
63.62 4114
64.52 4126
65.41 4121
66.3 4148
67.19 4158
68.08 4143
68.97 4134
69.86 4146
70.75 4135
71.64 4137
72.53 4154
73.42 4153
74.44 3268
77 4142
77.89 4156
78.78 4174
79.67 4190
81.47 4185
85.17 3450
86.95 3477
87.84 3501
88.75 3499
93.22 3502
100.39 278
104.17 175
105.06 178
108.64 219
109.53 219
110.42 218
110.56 214
111.34 212
127.77 283
139.86 284
146.91 335
157.28 483
158.42 478
159.19 474
160.33 472
161.11 470
161.88 468
162.89 467
163.78 465
164.56 463
165.58 462
166.47 458
167.48 457
168.12 456
169.27 454
170.17 453
171.06 452
171.83 451
172.84 451
173.86 449
174.64 449
175.53 448
176.55 447
177.06 448
178.2 447
178.98 441
179.75 482
181.02 448
181.78 449
182.55 449
183.44 450
184.47 450
185.48 450
186.38 451
187.02 452
187.91 453
188.69 454
189.7 455
190.59 457
191.48 459
192.38 461
193.16 462
194.3 463
194.95 465
196.62 471
197.77 467
198.67 464
199.56 476
202.14 487
207.38 382
209.44 346
210.33 346
211.23 347
214.92 2455
216.58 287
220.09 364
221.86 293
227.39 3010
228.91 283
235.48 3611
236.38 3707
237.28 3812
238.05 3900
238.95 3972
248.55 259
255.91 256
257 248
275.8 6332
284.8 6894
297.42 7511
298.31 7565
299.22 7603
303.72 8242
304.62 8262
305.53 8262
344.2 7474
345.09 7239
346 7239
346.89 7263
347.8 7664
348.69 7344
8.47 11790
14.8 12558
32.97 5612
33.88 5597
39.31 4835
40.22 4696
41.12 4859
42.03 4819
42.94 4746
43.84 4665
44.75 4599
45.66 4536
46.56 4690
47.45 4635
52.89 4346
53.8 4172
54.7 4135
55.61 4138
56.52 4154
57.42 4151
58.33 4156
59.23 4129
60.14 4169
61.05 4154
61.94 4114
62.84 4103
63.75 4122
64.64 4100
65.55 4126
66.45 4129
67.36 4134
68.25 4130
69.16 4150
70.06 4153
70.95 4113
71.86 4148
72.77 4153
73.8 3236
74.69 3217
75.47 4143
76.38 4153
77.27 4174
78.17 4167
79.08 4195
79.98 4184
80.88 4185
86.42 3483
87.31 3484
88.22 3477
90.03 3477
92.73 3524
93.62 3544
100.06 280
101.91 214
104.61 175
105.3 238
107.62 219
108.22 219
108.53 219
110.92 218
111.83 211
127.77 290
140.47 283
146.95 335
151.73 383
157.7 485
158.34 479
159.38 474
160.41 472
161.06 472
162.09 468
163.12 465
164.16 463
165.06 461
165.95 461
166.86 458
167.52 457
168.67 456
169.7 453
170.36 454
171.27 453
172.17 451
173.06 449
173.97 449
175 449
176.03 448
176.81 448
177.47 448
178.5 434
179.78 428
180.55 451
181.2 448
182.23 448
183.27 450
184.05 450
185.08 452
185.61 452
186.77 451
187.67 454
188.45 454
189.48 454
190.52 456
191.3 458
192.2 460
192.86 460
194.02 462
194.8 466
195.83 467
196.48 470
197.64 460
198.55 459
199.08 478
199.98 480
202.58 485
207.08 379
209.39 352
210.42 346
211.08 346
214.83 2463
215.95 287
217.11 286
220.27 358
222.42 292
227.41 3011
228.91 282
235.58 3610
236.48 3710
237.39 3802
238.17 3924
239.08 3988
252.64 251
256.02 260
257.48 249
275.33 6325
277.16 6496
284.44 6885
297.16 7517
298.06 7549
298.97 7641
304.41 8242
344.3 7380
345.2 7263
346.11 7289
347.02 7278
347.92 7469
348.83 7385
14.28 12368
30.66 5901
32.61 5636
33.52 5666
36.25 5162
38.98 4904
39.89 4738
40.81 4740
41.72 4811
42.62 4753
43.55 4704
44.45 4607
45.36 4575
46.28 4619
47.19 4678
48.09 4609
53.56 4197
55.38 4161
56.3 4146
57.2 4138
58.11 4130
59.03 4161
59.94 4156
60.84 4135
61.75 4118
62.67 4148
63.58 4142
64.48 4113
65.41 4150
66.31 4143
67.22 4154
68.12 4158
69.05 4146
69.95 4135
70.86 4154
71.78 4137
72.69 4164
73.72 3228
74.62 3254
76.33 4190
77.23 4153
78.16 4172
79.06 4184
79.97 4184
86.45 3461
88.27 3483
89.17 3483
90.09 3511
92.81 3495
100.53 279
102 214
103.83 176
104.73 176
108.16 219
110.44 219
110.72 217
112 212
127.55 285
139.59 279
140.25 283
146.91 329
152.66 394
157.25 484
158.03 483
158.94 476
159.97 474
160.89 471
161.8 470
162.7 467
163.73 466
164.66 462
165.31 462
166.59 458
167.25 457
168.55 455
169.2 452
170.36 453
170.89 452
171.8 451
172.95 449
173.73 448
174.91 448
175.69 449
176.47 448
177.5 448
178.41 445
181.14 449
181.92 448
182.7 448
183.86 449
184.64 450
185.42 451
186.34 451
187.62 452
188.28 454
189.19 455
190.09 456
191.12 459
191.8 461
192.7 460
193.73 462
194.52 466
195.3 467
196.2 470
197.5 459
198.28 459
199.08 476
199.88 482
202.62 490
207.16 378
209.75 352
210.41 346
211.08 347
214.92 2455
216.25 288
220.25 362
222.67 293
227.62 3017
229.22 283
235.86 3649
236.78 3725
237.69 3821
238.48 3946
239.41 4072
252.39 230
254.39 258
254.84 249
275.94 6279
296.98 7511
297.89 7538
298.81 7608
303.38 8236
304.3 8262
305.2 8262
344.55 7448
345.45 7278
346.38 7283
347.28 7249
348.2 7289
349.11 7608
357.92 13748
5.56 13748
6.48 11790
7.39 11790
8.31 11790
14.72 12514
33.06 5810
34.09 5521
38.69 4888
39.61 4723
40.52 4696
41.44 4821
42.36 4798
43.27 4740
44.19 4643
45.11 4595
46.02 4525
46.94 4729
47.86 4639
53.36 4210
54.28 4164
55.19 4158
56.11 4158
57.03 4150
57.94 4153
58.86 4130
59.78 4126
60.69 4132
61.61 4134
62.53 4138
63.44 4138
64.36 4122
65.28 4142
66.19 4129
67.11 4146
68.03 4146
68.95 4146
69.86 4138
70.78 4159
71.7 4150
72.61 4156
74.58 3261
76.28 4146
77.2 4166
78.11 4197
79.03 4169
79.95 4180
80.86 4189
86.5 3460
88.33 3471
89.25 3479
90.16 3551
92 3491
92.91 3507
100.53 277
102.12 214
103.95 175
104.88 176
108.53 219
109.23 219
109.45 219
110.28 215
110.94 212
127.59 289
139.88 282
147.36 335
152.11 386
157.77 486
158.69 478
159.73 474
159.77 210
160.52 474
161.56 469
162.22 469
163.39 468
164.17 464
165.09 459
166.25 459
166.92 459
168.08 457
169 456
169.78 453
170.83 451
171.61 452
172.41 451
173.31 451
174.36 450
175.28 449
176.44 448
177.36 447
178.14 447
179.06 441
179.84 478
180.89 450
181.8 449
182.84 449
183.62 448
184.3 450
185.33 450
186.25 451
187.16 453
188.33 454
189.25 455
190.03 456
190.95 458
191.75 459
192.55 460
193.47 462
194.52 464
195.44 467
196.23 470
197.27 457
198.86 474
200.03 479
202.67 489
207.22 373
209.31 355
210.23 346
211.16 346
214.89 2454
215.58 288
220.23 368
222.16 294
227.67 3013
228.48 286
235.05 3590
235.97 3669
236.89 3741
237.69 3842
238.61 3940
239.53 4095
247.67 261
250.69 237
253.58 259
255.84 255
256.42 251
275.36 6344
297.45 7511
298.38 7549
299.3 7603
303.91 8217
304.81 8236
305.73 8249
306.66 8262
344.34 7432
345.25 7254
346.17 7234
347.09 7249
348.02 7334
348.92 7474
358.25 13838
6.39 11790
7.31 11790
8.23 11790
14.7 12603
32.39 5530
33.31 5797
34.23 5492
38.84 4910
39.77 4732
40.69 4704
41.61 4826
42.53 4791
43.45 4732
44.38 4607
45.3 4605
46.22 4585
47.16 4686
48.08 4635
52.69 4351
53.61 4189
56.38 4150
57.3 4164
58.22 4177
59.14 4156
60.06 4150
60.98 4142
61.92 4138
62.84 4130
63.77 4132
64.69 4124
65.61 4118
66.53 4142
67.45 4150
68.38 4151
69.3 4142
70.22 4134
71.14 4126
72.06 4148
72.98 4145
74.03 3275
74.95 3232
76.67 4151
77.59 4177
78.52 4207
79.44 4207
81.28 4212
85.09 3450
86.94 3486
87.86 3500
88.78 3478
89.7 3497
93.39 3511
102.11 238
103.53 174
104 247
104.45 175
105.8 233
108.14 219
109.06 219
109.66 218
109.98 219
111.83 211
127.36 286
139.55 281
141.47 278
147.19 333
151.83 382
157.53 486
158.45 480
158.64 209
159.62 474
160.55 473
161.47 469
162.27 470
163.31 468
164.11 463
165.16 460
166.2 459
167 459
167.94 457
168.73 456
169.91 453
170.7 451
171.75 452
172.67 451
173.34 450
174.52 451
175.56 447
176.11 448
177.28 448
178.2 446
180.84 449
181.77 449
182.7 449
183.88 448
184.42 449
185.34 451
186.52 452
187.44 453
188.11 453
189.17 455
190.22 455
191.14 459
192.06 459
192.73 461
193.66 461
194.59 465
195.39 467
196.31 470
197.48 460
198.28 460
199.2 478
200.12 481
201.98 488
202.66 493
207.23 381
209.45 345
210.38 346
211.42 347
215.22 2440
215.88 288
221.45 289
222.75 294
228.08 3034
228.69 284
228.88 285
230.05 286
235.5 3605
236.42 3716
237.23 3817
238.16 3933
239.09 3981
252.92 372
254.06 254
255.59 252
275.17 6265
284.48 6885
297.5 7511
298.44 7549
304 8242
304.94 8223
305.86 8262
306.8 8262
343.91 7554
344.84 7339
345.77 7294
346.69 7268
348.55 7349
349.47 7608
358.11 13554
14.58 12958
32.42 5553
33.23 5784
34.28 5507
38.97 4922
39.89 4715
40.83 4751
41.77 4819
42.7 4770
43.64 4702
44.58 4605
45.52 4565
46.44 4688
47.38 4645
52.98 4351
54.86 4166
55.8 4180
56.73 4153
57.67 4167
58.59 4151
59.53 4140
60.45 4156
61.39 4158
62.33 4140
63.25 4132
64.19 4142
65.12 4130
66.05 4138
66.98 4138
67.92 4134
68.84 4134
69.78 4146
70.72 4140
71.64 4135
72.58 4161
73.52 4163
74.56 3228
76.31 4142
77.23 4156
78.17 4169
79.11 4167
80.03 4171
80.97 4179
85.75 3478
86.69 3470
87.62 3475
88.55 3487
92.28 3495
93.2 3497
101.12 279
106.17 230
106.8 219
108.53 219
109.22 219
110.52 211
110.84 218
112.08 214
128.03 287
140.39 284
152.61 390
157.47 482
158.16 478
159.09 475
160.27 472
161.33 471
162.02 468
163.08 464
164.14 463
164.95 461
165.88 460
166.69 458
167.88 457
168.56 456
169.62 454
170.67 451
171.48 452
172.3 450
173.36 450
174.42 450
175.09 449
176.28 449
177.22 448
178.03 446
178.97 440
179.66 482
180.97 449
181.91 448
182.84 449
183.53 449
184.84 450
185.66 450
186.59 450
187.53 452
188.34 454
189.41 453
190.23 456
191.3 459
191.98 459
192.92 460
193.86 461
194.92 465
195.61 469
196.8 470
197.61 465
198.67 463
199.61 476
202.19 483
209.88 344
211.33 344
211.77 349
214.84 2465
215.45 286
217.02 288
220.22 357
222.28 293
227.88 3019
228.98 285
235.39 3589
236.33 3707
237.16 3815
238.22 3909
239.03 3974
252.88 254
275.64 6363
297.38 7527
298.31 7565
299.25 7625
303.95 8262
304.89 8249
305.83 8262
344.38 7385
345.31 7268
346.27 7258
347.2 7254
348.14 7314
349.08 7576
14.53 12817
32.61 5627
33.56 5660
39.23 4910
40.17 4778
41.12 4868
42.06 4826
43.02 4753
43.95 4659
44.91 4599
45.84 4526
46.8 4706
47.73 4631
53.41 4184
54.36 4150
55.3 4158
56.25 4159
57.19 4167
58.14 4154
59.08 4167
60.03 4138
60.97 4126
61.92 4126
62.86 4135
63.81 4122
64.75 4114
65.7 4110
66.64 4118
67.59 4138
68.53 4153
69.48 4163
70.42 4150
71.38 4135
72.31 4151
73.27 4159
74.33 3265
77.05 4159
77.98 4179
78.94 4195
79.88 4192
80.83 4192
85.67 3456
86.62 3479
87.56 3479
88.52 3504
89.45 3488
92.28 3485
93.22 3483
101.17 280
104.36 175
105.25 231
108.14 219
108.58 219
110.02 219
110.97 218
111.91 211
128.75 290
139.33 280
140.14 282
147.44 334
152.36 388
157.14 483
157.97 481
159.16 475
159.84 473
160 212
161.05 471
161.98 467
163.06 466
164 464
164.95 462
165.77 460
166.59 458
167.78 457
168.59 454
169.67 455
170.73 451
171.56 452
172.25 451
173.33 449
174.27 451
175.2 449
176.28 449
176.97 448
177.92 447
179.11 445
179.81 481
181 449
181.95 448
183.02 448
183.59 450
184.92 451
185.86 451
186.69 451
187.52 454
188.34 453
189.53 455
190.36 456
191.19 458
192.38 459
193.2 461
194.16 463
194.98 465
196.05 469
197.12 469
197.7 469
198.77 467
199.84 480
202.56 491
207.36 371
209.52 349
210.45 346
211.41 347
215.25 2445
216.45 287
221.53 289
223.23 294
227.48 3029
228.56 282
235.08 3592
236.03 3698
236.98 3735
237.81 3894
238.89 3950
252.94 250
253.09 360
256.41 250
275.7 6355
297.61 7511
298.56 7554
304.27 8255
305.22 8262
306.17 8262
344.14 7511
345.09 7294
346.05 7273
346.98 7268
347.94 7458
348.88 7390
14.55 13200
32.8 5612
33.75 5630
38.52 4888
39.47 4800
40.42 4700
41.38 4837
42.34 4795
43.3 4727
44.25 4647
45.2 4613
46.16 4563
47.11 4717
48.06 4635
52.84 4351
53.8 4179
54.75 4146
55.7 4164
56.66 4194
57.61 4180
58.56 4156
59.52 4148
60.47 4158
61.42 4145
62.39 4154
63.34 4145
64.3 4130
65.25 4111
66.2 4124
67.16 4132
68.11 4146
69.06 4135
70.02 4145
70.97 4129
71.92 4150
72.88 4146
73.95 3268
74.91 3230
76.69 4180
77.66 4195
78.61 4202
79.56 4217
81.47 4214
85.41 3453
86.36 3457
88.27 3479
89.22 3483
92.08 3483
93.05 3508
100.89 277
102.31 225
104.22 175
105.17 178
107.73 218
108.56 219
110.89 218
111.84 211
127.06 279
128.27 289
139.66 281
147.72 336
152.53 394
157.38 484
158.33 478
159.53 475
160.23 473
161.44 471
162.39 468
163.22 466
164.31 465
165.39 459
166.09 459
167.17 458
168.12 457
169.33 452
169.91 453
170.98 452
172.08 451
172.78 450
173.86 449
175.06 449
175.89 449
176.84 447
177.67 448
178.75 437
179.47 457
180.55 450
181.5 449
182.7 449
183.53 449
184.48 450
185.31 451
186.14 451
187.23 453
188.31 452
189.02 455
190.22 456
190.94 459
191.89 460
193.09 461
193.94 462
194.89 465
195.84 468
196.69 471
197.77 465
198.72 463
199.69 476
202.31 489
210.14 349
211.59 346
215.27 2445
215.8 290
221.92 289
223.12 294
227.58 3011
229.25 282
235.23 3581
236.2 3701
237.16 3781
237.98 3904
239.08 3951
253.7 256
257 248
275.31 6287
284.91 6885
297.38 7511
298.34 7549
304.09 8242
305.06 8262
306.02 8262
344.38 7360
345.33 7258
346.28 7268
347.23 7273
348.2 7299
349.16 7570
8.25 11790
32.45 5533
33.42 5768
39.2 4924
40.16 4723
41.12 4859
42.08 4819
43.05 4746
44 4667
44.97 4603
45.92 4521
46.89 4706
47.84 4639
53.61 4187
55.53 4161
56.5 4200
57.45 4163
58.42 4146
59.38 4148
60.34 4158
61.3 4153
62.27 4150
63.22 4137
64.19 4140
65.14 4150
66.11 4153
67.06 4146
68.03 4151
68.98 4153
69.95 4151
70.91 4143
71.86 4140
72.83 4169
73.91 3242
74.88 3233
76.67 4172
77.62 4204
78.58 4212
79.55 4207
81.47 4219
86.39 3479
87.34 3478
88.31 3487
89.27 3491
92.16 3489
93.11 3506
100.73 279
104.33 176
105.28 177
106.25 231
107.3 219
108.7 219
109.12 219
110.75 212
111.03 217
128.05 284
139.88 285
146.94 330
152.31 383
158.03 481
159 476
159.91 211
159.95 474
161.17 471
162 468
162.97 467
163.8 463
165.02 462
165.97 460
166.92 458
167.75 457
168.59 455
169.92 454
170.62 453
171.47 452
172.55 451
173.62 450
174.59 450
175.55 447
176.5 448
177.34 448
179.97 492
181.17 449
182 448
183.2 450
184.05 450
185 452
185.95 451
186.92 453
187.88 454
188.83 454
189.8 455
190.75 459
191.7 461
192.55 461
193.5 463
194.7 463
195.55 465
196.62 469
197.34 461
198.56 461
199.41 474
200.36 483
202.17 484
210.42 345
211.39 346
211.98 353
215.11 2449
215.75 288
221.8 290
222.89 294
227.55 3030
228.94 280
235.27 3588
236.23 3691
237.19 3786
238.03 3908
239.12 3960
250.67 225
255.12 249
255.95 256
275.58 6355
284.28 6885
297.77 7533
298.73 7560
303.56 8242
305.48 8262
343.98 7549
344.94 7349
345.91 7258
346.88 7214
347.83 7581
348.8 7319
14.86 12648
32.39 5527
33.36 5803
34.31 5495
39.16 4942
40.12 4780
41.09 4854
42.05 4815
43.02 4746
43.98 4671
44.95 4611
45.92 4521
46.89 4721
47.86 4645
52.69 4351
53.66 4199
55.59 4135
56.56 4171
57.52 4169
58.48 4148
59.45 4153
60.42 4158
61.39 4142
62.36 4134
63.33 4146
64.3 4154
65.25 4153
66.22 4153
67.19 4159
68.16 4146
69.12 4153
70.09 4146
71.06 4118
72.03 4148
72.98 4151
74.08 3244
75.05 3210
75.89 4145
76.86 4166
77.83 4190
78.8 4212
79.77 4209
80.72 4171
85.67 3456
86.64 3463
87.61 3475
88.58 3497
93.39 3485
100.95 280
104.64 175
108.5 219
109.45 219
110.42 219
111.39 213
112.36 212
127.69 291
139.75 281
157.55 485
158.64 478
159.86 474
160.83 472
161.67 471
162.89 467
163.86 464
164.58 462
165.53 461
166.5 459
167.72 457
168.69 455
169.78 454
170.62 453
171.34 453
172.44 451
173.66 449
174.5 449
175.34 448
176.3 448
177.39 447
179.92 490
181.14 450
182.11 447
183.08 451
184.17 450
185.27 451
186.09 451
186.94 453
188.03 454
189 454
189.97 456
190.69 459
191.78 461
192.75 461
193.72 462
194.81 464
195.66 467
196.48 470
197.45 461
198.55 459
199.52 474
202.17 484
210.2 346
211.55 345
215.31 2454
216.05 287
221.88 289
222.59 295
235.56 3589
236.53 3713
237.38 3815
238.34 3938
239.31 4026
252.66 236
275.16 6206
277.11 6508
284.89 6898
297.55 7511
298.52 7560
304.33 8236
305.3 8275
344.05 7522
345.02 7319
345.98 7263
346.95 7283
347.92 7565
348.89 7334
8.3 11790
32.72 5612
33.7 5630
38.56 4890
39.53 4802
40.52 4698
41.48 4832
42.45 4785
43.42 4727
44.41 4641
45.38 4619
46.34 4669
47.33 4653
53.16 4298
54.14 4176
55.11 4180
56.08 4159
57.05 4142
58.03 4132
59 4124
59.97 4130
60.95 4134
61.92 4113
62.89 4108
63.86 4124
64.83 4114
65.8 4110
66.77 4110
67.75 4118
68.72 4148
69.69 4146
70.66 4135
71.62 4145
72.59 4151
73.7 3244
74.67 3237
76.48 4145
77.45 4189
78.42 4210
79.39 4210
81.34 4207
85.34 3451
86.33 3460
88.27 3471
89.23 3480
92.16 3480
93.12 3497
101.41 279
104.38 175
105.69 232
107.38 219
109.47 219
109.56 219
111.16 216
112.12 212
127.81 289
134.3 380
139.8 280
140.39 280
157.77 485
158.73 478
159.58 473
160.67 473
161.64 469
162.48 467
163.83 463
164.69 463
165.66 461
166.5 459
167.84 457
168.44 455
169.66 454
170.5 452
171.47 452
172.58 450
173.55 450
174.39 450
175.36 449
176.33 448
177.42 447
179.97 492
181.19 449
182.28 448
183.25 449
184.22 450
184.94 451
186.03 451
187 454
187.98 453
188.95 453
189.8 455
190.91 459
191.88 460
192.73 460
193.95 462
194.92 466
195.53 469
196.75 470
197.86 464
198.58 463
199.42 476
202.48 486
209.45 349
210.8 346
211.16 347
214.61 2470
215.58 2455
216.3 287
220.19 359
221.91 291
227.16 2988
228.14 3029
228.77 281
229.11 284
235.94 3652
236.92 3732
237.89 3849
238.88 3941
239.72 4099
252.97 380
253.78 253
275.69 6355
284.47 6885
296.16 7511
297.12 7511
298.09 7543
299.08 7603
303.94 8204
304.92 8262
305.89 8262
306.86 8262
343.88 7511
344.84 7380
345.81 7249
346.8 7263
347.77 7598
348.73 7360
32.75 5597
33.73 5645
38.61 4881
39.59 4785
40.56 4706
41.55 4835
42.52 4776
43.5 4721
44.47 4623
45.44 4607
46.42 4690
47.39 4655
53.25 4271
54.22 4180
55.19 4189
56.17 4158
57.14 4161
58.12 4150
59.09 4130
60.06 4134
61.05 4127
62.02 4150
63 4148
63.97 4134
64.94 4146
65.92 4129
66.89 4119
67.88 4111
68.84 4127
69.81 4124
70.8 4130
71.77 4150
72.75 4146
73.84 3233
74.83 3224
75.67 4142
76.66 4190
77.62 4185
78.61 4195
79.58 4205
81.53 4190
86.55 3458
87.52 3457
88.5 3502
89.47 3482
93.38 3495
100.2 284
104.66 175
105.11 237
107.59 223
108.19 219
109.55 219
110.52 218
111.34 213
111.5 213
127.09 284
128.69 295
140.23 284
147.03 332
152.38 389
157.48 486
158.2 478
159.44 475
160.53 471
161.12 470
162.48 469
163.33 466
164.19 463
165.16 460
166.38 459
167.11 459
168.2 456
169.19 454
170.41 453
171.27 453
172.23 451
173.2 450
174.06 450
175.16 449
176.25 447
177.11 448
177.95 448
179.06 441
179.78 478
180.88 449
182.11 448
182.83 450
183.8 450
184.91 450
185.75 452
186.86 451
187.7 454
188.8 454
189.53 454
190.75 457
191.59 459
192.58 462
193.42 462
194.41 465
195.62 466
196.59 469
197.33 460
198.55 457
199.14 475
202.2 482
210.44 347
211.55 346
215.39 2448
216.09 289
222.22 290
223.2 296
228 3027
228.83 284
235.84 3637
236.83 3739
237.81 3835
238.67 3937
239.66 4095
248.09 260
253.33 366
253.5 255
275.81 6351
284.64 6894
297.38 7511
298.34 7554
299.33 7614
304.22 8223
305.2 8262
344.3 7411
345.27 7258
346.25 7244
347.22 7268
348.2 7278
349.17 7592
8.73 11790
14.62 12942
32.39 5539
33.36 5772
39.25 4924
40.23 4795
41.22 4866
42.2 4826
43.19 4746
44.16 4667
45.14 4619
46.12 4538
47.11 4717
48.09 4659
53 4346
54.95 4167
55.94 4164
56.92 4161
57.91 4146
58.89 4143
59.86 4134
60.84 4140
61.81 4134
62.8 4122
63.78 4121
64.75 4127
65.73 4122
66.72 4119
67.69 4127
68.67 4134
69.66 4124
70.62 4130
71.61 4148
72.59 4154
73.56 4164
74.67 3271
76.5 4167
77.48 4179
78.47 4209
79.44 4225
81.41 4219
85.44 3451
86.42 3462
87.41 3480
89.36 3502
92.3 3489
93.27 3509
103.58 178
104.55 175
106.5 238
107.08 220
109.16 219
109.44 219
110.89 214
112.36 213
127.92 293
127.94 283
140.02 285
147.08 333
152.44 389
157.19 486
158.41 478
159.64 475
160.48 472
161.22 471
162.33 469
163.17 467
164.41 465
165.25 460
166.36 459
167.34 458
168.44 457
169.3 453
170.27 453
171.5 452
172.23 451
173.08 448
174.44 450
175.16 450
176.39 449
177.38 448
178.09 447
181.03 449
182.14 448
182.98 450
184.09 450
184.94 451
186.17 451
186.78 452
187.75 453
188.86 452
189.97 454
190.7 458
191.8 461
192.66 460
193.77 462
194.62 465
195.61 468
196.58 468
197.69 463
198.67 461
199.41 476
202.47 488
207.39 375
209.61 348
210.58 346
211.56 348
214.69 2462
215.89 288
216.23 287
220.27 359
222 293
227.34 3015
228.28 284
229.89 285
235.22 3588
236.2 3704
237.19 3777
238.17 3909
239.16 3950
252.44 233
253.25 259
255.84 249
256.58 258
275.3 6291
297.89 7533
298.88 7587
303.78 8230
304.77 8236
306.73 8262
344 7554
344.98 7309
345.95 7258
346.94 7263
347.92 7576
348.91 7329
357.97 13748
7.53 11790
8.52 11790
14.39 12910
33.22 5835
34.2 5515
36.17 5162
39.12 4926
40.11 4785
41.09 4835
42.08 4813
43.06 4753
44.05 4665
45.02 4597
46 4542
46.98 4721
47.97 4651
52.88 4351
53.84 4187
54.83 4161
55.81 4174
56.8 4146
57.77 4150
58.75 4135
59.73 4138
60.72 4129
61.7 4130
62.67 4122
63.66 4124
64.64 4094
65.62 4121
66.59 4134
67.58 4137
68.56 4151
69.55 4148
70.53 4138
71.5 4161
72.48 4163
73.47 4151
74.58 3226
76.41 4172
77.39 4172
78.38 4195
79.36 4192
81.33 4202
85.38 3451
86.36 3459
89.3 3475
92.25 3504
93.23 3512
100.92 282
104.53 175
109.05 219
109.44 219
111.41 213
112.39 213
127.28 283
140.39 285
147.12 335
152.5 392
157.64 486
158.62 478
159.86 473
160.47 472
161.45 469
162.55 467
163.78 467
164.64 464
165.75 461
166.73 458
167.58 456
168.56 455
169.8 453
170.78 452
171.39 452
172.62 450
173.72 450
174.45 450
175.44 449
176.41 447
177.52 447
178.62 436
181.44 449
182.42 448
183.14 451
184.38 449
185.36 451
186.22 450
187.44 452
188.05 454
189.28 453
190.25 456
190.98 459
192.22 459
192.95 462
194.05 462
194.78 465
196.02 468
196.86 469
198.09 471
198.83 470
199.81 479
202.62 490
207.69 382
210.17 344
211.16 344
211.89 348
215.06 2449
215.98 286
216.59 289
221.55 290
223.03 294
227.78 3014
228.45 282
235.69 3601
236.67 3713
237.66 3816
238.52 3937
239.5 4081
248.45 260
255.12 251
256.97 251
275.86 6317
297.58 7527
298.56 7565
304.47 8262
344.75 7411
345.73 7244
346.72 7258
347.7 7511
348.67 7314
8.36 11790
14.28 12588
34.14 5524
36.11 5162
39.08 4922
40.06 4727
41.05 4824
42.03 4819
43.03 4744
44.02 4663
45 4603
45.98 4534
46.97 4713
47.95 4629
52.89 4344
54.86 4156
55.86 4154
56.84 4159
57.83 4130
58.81 4132
59.8 4138
60.78 4130
61.78 4129
62.77 4142
63.75 4135
64.73 4111
65.72 4106
66.7 4102
67.69 4127
68.67 4124
69.67 4135
70.66 4134
71.64 4124
72.62 4140
73.73 3226
74.72 3268
76.56 4171
77.56 4171
78.55 4214
79.53 4202
81.5 4207
86.56 3460
87.55 3457
88.53 3495
89.52 3479
90.5 3508
93.47 3497
100.55 280
104.77 175
107.58 219
109.67 219
110.66 218
111.52 211
112.62 214
127.44 286
139.25 280
141.36 278
158.17 485
159.16 478
159.84 210
160 474
161.11 471
162.22 468
163.08 463
164.06 463
165.05 460
165.91 459
167.02 457
168.12 456
168.98 453
170.08 454
171.06 452
172.05 450
173.03 452
174.14 448
174.88 448
175.86 447
176.97 447
178.08 447
178.94 438
179.8 465
180.89 449
181.75 449
182.86 449
183.97 449
184.58 450
185.94 451
186.67 452
187.78 453
188.52 454
189.75 455
190.73 458
191.72 459
192.58 461
193.69 461
194.42 463
195.41 466
196.28 470
197.52 461
198.62 459
199.48 475
202.2 483
210.23 346
211.59 347
214.64 2458
215.62 2460
216.42 287
219.98 360
221.84 292
227.38 3014
228.91 282
229.14 284
230.27 282
235.3 3590
236.28 3706
237.27 3790
238.27 3915
239.12 3974
252.19 227
256.02 261
256.52 248
275.61 6306
297.36 7511
298.34 7543
304.27 8223
305.27 8262
306.25 8262
344.73 7370
345.73 7239
346.72 7244
348.69 7360
349.67 7565
8.41 11790
14.31 12588
34.22 5490
36.2 5162
39.17 4935
40.16 4713
41.16 4863
42.14 4806
43.12 4753
44.12 4661
45.11 4607
46.09 4536
47.09 4719
48.08 4629
53.02 4330
54.02 4154
55 4167
55.98 4154
56.97 4140
57.95 4153
58.95 4156
59.94 4135
60.92 4134
61.91 4124
62.91 4126
63.89 4122
64.88 4129
65.86 4140
66.84 4108
67.84 4113
68.83 4129
69.81 4129
70.8 4145
71.8 4140
72.78 4138
73.89 3239
74.88 3223
75.73 4145
76.73 4166
77.72 4212
78.7 4210
79.69 4219
85.73 3466
86.72 3474
87.7 3486
88.7 3503
89.69 3508
92.64 3518
93.62 3551
101.22 278
103.97 176
104.95 177
108.89 218
109.88 219
110.86 218
111.23 211
128.33 289
139.64 282
146.89 331
152.08 388
157.12 483
158.23 478
159.47 474
160.22 473
161.45 472
162.19 469
163.3 467
164.28 465
165.53 460
166.52 459
167.25 458
168.36 455
169.36 455
170.22 454
171.2 453
172.44 451
173.55 448
174.3 450
175.28 450
176.39 448
177.12 448
179.97 493
181.45 449
182.33 447
183.19 450
184.42 450
185.28 451
186.16 450
187.02 453
188.25 454
189.12 455
190.11 456
191.09 459
192.08 460
193.08 461
194.06 462
195.17 465
196.05 469
197.16 472
198.02 469
198.75 469
199.75 478
202.72 492
207.8 383
209.89 344
210.77 344
211.75 349
215.19 2451
216.09 287
222.41 289
222.41 294
227.92 3023
228.47 283
235.84 3629
236.84 3725
237.83 3839
238.7 3940
239.69 4106
253.11 257
255.47 248
256.58 255
275.22 6242
277.2 6492
296.05 7511
297.03 7527
298.03 7543
299.02 7598
303.97 8242
304.95 8249
344.5 7385
345.48 7263
346.47 7239
347.45 7268
348.44 7304
349.42 7608
33.02 5807
34.14 5544
39.09 4931
40.09 4734
41.08 4835
42.08 4817
43.06 4753
44.06 4678
45.05 4605
46.05 4528
47.03 4744
48.03 4641
52.98 4333
54.97 4179
55.95 4142
56.95 4158
57.94 4142
58.94 4140
59.92 4126
60.92 4110
61.91 4126
62.91 4134
63.89 4134
64.89 4132
65.88 4119
66.88 4140
67.86 4126
68.86 4130
69.84 4143
70.83 4140
71.83 4146
72.81 4151
73.94 3261
74.92 3225
75.8 4177
76.78 4185
77.77 4209
78.77 4219
79.75 4210
80.75 4199
85.83 3457
86.81 3485
87.81 3479
88.8 3496
89.8 3487
100.48 277
101.88 214
104.11 176
105.09 177
109.06 218
110.05 219
111.03 218
111.14 212
128.5 291
140.45 284
147 333
152.31 392
157.5 484
158.61 480
159.47 474
160.72 472
161.7 470
162.81 468
163.69 465
164.55 462
165.78 460
166.78 458
167.52 456
168.62 456
169.73 454
170.59 452
171.72 451
172.58 451
173.81 450
174.55 449
175.53 448
176.66 448
177.64 448
178.62 431
179.73 440
180.61 450
181.47 449
182.7 449
183.56 451
184.55 450
185.42 450
186.66 452
187.52 452
188.25 455
189.38 454
190.36 455
191.22 458
192.2 462
193.44 462
194.31 465
195.3 466
196.41 469
197.27 457
198.02 470
199.12 476
200 478
201.98 491
210.31 346
211.06 346
214.52 2455
215.52 2447
216.8 287
219.89 361
221.62 291
227.33 3010
228.47 282
229.47 284
230.83 282
235.27 3588
236.27 3702
237.12 3788
238.25 3909
239.12 3963
252.58 227
275.78 6359
284.73 6885
297.64 7522
298.62 7576
303.59 8210
305.58 8262
344.19 7474
345.19 7273
346.17 7239
347.16 7219
348.16 7304
349.14 7560
358.3 13947
14.94 12426
32.95 5603
33.95 5615
38.92 4926
39.91 4723
40.91 4768
41.91 4824
42.89 4759
43.89 4690
44.88 4601
45.88 4513
46.88 4744
47.86 4635
52.83 4351
53.83 4184
54.83 4135
55.81 4167
56.81 4177
57.81 4167
58.8 4135
59.8 4129
60.78 4135
61.78 4145
62.77 4124
63.77 4121
64.75 4114
65.75 4121
66.75 4113
67.73 4134
68.73 4122
69.72 4129
70.72 4126
71.7 4148
72.7 4169
73.83 3231
74.81 3237
76.67 4163
77.67 4174
78.66 4210
79.66 4210
85.73 3454
86.73 3468
87.72 3475
88.72 3482
92.69 3563
93.67 3569
101.41 277
102.03 215
104.02 175
105 177
108.97 218
110.2 219
110.94 218
111.94 211
127.73 291
140.36 284
147.53 333
152.22 392
157.66 486
158.66 480
159.77 475
160.62 473
161.5 470
162.61 466
163.61 462
164.84 463
165.7 461
166.58 458
167.56 458
168.8 456
169.67 454
170.78 451
171.78 452
172.52 451
173.62 449
174.5 450
175.73 448
176.72 447
177.72 448
178.83 435
179.58 450
180.81 449
181.55 449
182.67 450
183.53 448
184.39 449
185.39 451
186.62 451
187.5 453
188.61 454
189.73 454
190.59 456
191.59 458
192.47 460
193.45 462
194.33 464
195.58 465
196.44 470
197.56 458
198.56 458
199.3 476
202.28 489
210.38 346
211.62 347
214.7 2458
216.09 287
220.33 362
222.06 294
227.52 3034
228.42 285
229.28 286
235.48 3590
236.48 3710
237.48 3800
238.34 3935
239.34 4027
248.33 260
253.05 372
253.06 249
257.3 252
276.08 6355
296.95 7522
297.94 7538
298.94 7576
303.91 8223
304.89 8217
305.89 8262
306.89 8262
344.62 7370
345.62 7244
346.61 7239
347.61 7309
348.59 7334
349.59 7592
358.06 13802
8.44 11790
14.39 12603
32.45 5527
33.45 5697
39.42 4854
40.42 4711
41.42 4837
42.42 4791
43.41 4734
44.41 4645
45.41 4623
46.41 4629
47.41 4647
53.36 4225
54.36 4166
55.36 4180
56.34 4164
57.34 4164
58.33 4150
59.33 4169
60.33 4146
61.31 4143
62.31 4148
63.31 4132
64.3 4138
65.3 4151
66.28 4151
67.28 4140
68.28 4140
69.27 4158
70.27 4161
71.27 4142
72.25 4154
73.25 4158
74.36 3295
76.23 4145
77.22 4143
78.22 4156
79.22 4171
80.2 4180
81.2 4190
85.3 3451
86.28 3461
88.28 3476
89.27 3493
92.25 3476
93.23 3496
100.36 285
103.59 174
104.59 175
107.94 220
108.17 219
109.3 219
111.55 212
112.53 214
127.53 287
139.81 281
147.14 330
152.34 388
157.31 483
158.3 478
159.3 475
160.53 473
161.66 471
162.41 468
163.52 466
164.52 464
165.38 460
166.62 458
167.62 456
168.48 455
169.61 454
170.34 453
171.59 452
172.47 451
173.58 450
174.7 450
175.69 449
176.56 447
177.56 447
178.67 435
179.55 420
180.42 450
181.67 449
182.41 450
183.41 449
184.66 451
185.41 450
186.52 451
187.52 453
188.39 454
189.27 455
190.38 455
191.5 458
192.38 461
193.38 462
194.48 465
195.11 466
196.23 470
197.61 457
198.09 469
199.22 476
200.22 481
202.2 482
210.56 347
211.55 347
214.66 2472
215.66 2456
216.3 289
220.03 357
222.27 292
227.5 3029
228.12 283
229.25 286
235.47 3590
236.47 3707
237.34 3801
238.47 3934
239.33 4020
252.83 247
256.06 256
275.16 6257
277.14 6464
284.12 6885
296.09 7511
297.09 7517
298.09 7570
299.09 7619
304.08 8262
305.08 8262
306.08 8262
343.95 7522
344.95 7344
345.94 7244
346.94 7258
347.94 7463
348.92 7385
7.83 11764
14.83 12455
32.94 5615
33.94 5621
35.94 5162
38.92 4922
39.92 4719
40.92 4772
41.92 4817
42.92 4776
43.92 4669
44.92 4601
45.92 4534
46.91 4706
47.91 4639
52.91 4344
54.89 4164
55.89 4184
56.89 4154
57.89 4143
58.89 4135
59.89 4138
60.89 4122
61.89 4135
62.88 4119
63.88 4118
64.88 4114
65.88 4116
66.88 4124
67.88 4116
68.88 4140
69.88 4138
70.86 4148
71.86 4138
72.86 4154
73.98 3271
74.98 3232
76.84 4180
77.84 4205
78.84 4210
79.84 4214
80.83 4189
84.95 3451
85.95 3453
86.94 3482
87.94 3493
88.94 3491
89.94 3507
92.92 3485
100.55 277
101.92 221
104.28 176
105.28 179
106.28 226
106.78 219
107.91 219
110.27 219
110.27 216
111.38 212
128.11 284
139.77 280
140.27 283
158.17 481
159.3 475
159.94 211
160.17 473
161.16 470
162.16 468
163.16 465
164.41 462
165.27 460
166.14 458
167.27 458
168.14 456
169.25 454
170.38 454
171.23 452
172.11 451
173.47 450
174.09 450
175.08 449
176.45 448
177.06 448
178.31 446
181.41 449
182.41 448
183.39 450
184.27 450
185.02 451
186.25 450
187.12 453
187.98 454
188.98 455
190.09 456
191.22 459
191.95 460
193.08 460
193.81 463
194.94 466
196.92 469
198.16 472
198.91 471
199.91 480
202.78 489
209.91 344
211.03 345
212.41 349
215.42 2455
215.91 288
220.17 358
222.3 291
223.67 288
227.3 3000
227.8 282
228.3 3043
229.42 283
230.17 288
235.3 3588
236.3 3704
237.17 3801
238.3 3915
239.17 3981
251.3 225
252.66 246
255.66 250
276.03 6336
297.03 7511
298.03 7549
299.02 7619
304 8223
305 8262
306 8262
343.86 7527
344.84 7432
345.84 7273
346.84 7263
347.83 7669
348.83 7406
5.77 13748
6.77 11790
8.77 11790
14.75 12470
32.86 5624
33.86 5651
38.86 4913
39.86 4729
40.86 4744
41.86 4819
42.86 4772
43.86 4682
44.86 4611
45.86 4544
46.86 4721
47.86 4631
52.86 4339
53.86 4163
54.86 4146
55.86 4156
56.86 4143
57.86 4130
58.86 4132
59.86 4151
60.86 4148
61.84 4119
62.84 4124
63.84 4138
64.84 4118
65.84 4114
66.83 4122
67.83 4137
68.83 4132
69.83 4148
70.83 4150
71.81 4161
72.81 4184
73.94 3262
74.94 3229
76.81 4179
77.8 4205
78.8 4215
79.8 4212
80.8 4195
85.91 3451
86.91 3457
87.89 3503
88.89 3504
89.89 3485
92.89 3518
100.88 277
104.23 175
105.23 178
109.09 219
109.22 219
111.08 212
111.2 216
128.12 283
140.08 280
141.19 282
157.11 485
157.98 481
159.11 474
160 211
160.47 471
161.22 471
162.08 468
163.33 467
164.2 464
165.19 459
166.19 459
167.44 458
168.55 456
169.3 454
170.28 454
171.28 452
172.28 451
173.52 448
174.14 451
175.27 450
176.38 448
177.38 448
178.11 447
181.09 449
182.47 448
183.22 449
184.2 450
185.33 451
186.19 452
187.19 454
188.31 454
189.17 456
190.05 456
191.05 459
192.05 459
193.05 461
194.17 464
195.05 465
195.92 470
197.17 455
197.92 475
199.17 473
200.05 479
210.42 346
211.42 345
214.55 2468
215.55 2444
215.8 287
220.05 359
222.3 292
227.44 3034
228.81 284
228.94 285
235.44 3595
236.45 3719
237.33 3808
238.33 3944
239.33 4023
248.58 260
252.95 373
253.33 249
257.45 254
275.25 6250
296.25 7511
297.25 7522
298.25 7549
299.25 7619
304.25 8255
305.25 8262
306.23 8262
344.12 7511
345.12 7294
346.12 7263
347.12 7273
348.12 7309
349.11 7565
33.11 5852
34.23 5524
36.23 5162
39.23 4933
40.23 4709
41.23 4854
42.23 4806
43.23 4755
44.23 4651
45.23 4605
46.23 4559
47.23 4688
53.23 4278
54.23 4172
55.23 4184
56.23 4156
57.23 4153
58.23 4159
59.23 4154
60.23 4161
61.23 4154
62.23 4143
63.23 4146
64.23 4143
65.23 4153
66.23 4148
67.23 4135
68.23 4140
69.22 4146
70.22 4132
71.22 4111
72.22 4146
73.22 4158
74.34 3282
76.22 4135
77.22 4138
78.22 4182
79.22 4184
81.22 4189
85.33 3457
88.33 3482
89.31 3479
93.31 3503
99.8 284
104.67 175
105.16 240
107.66 218
108.28 219
108.66 219
109.27 218
111.64 211
111.89 215
127.58 289
140.27 283
146.86 333
152.2 393
157.56 486
158.69 480
159.69 475
160.94 472
161.8 469
162.67 467
163.67 463
164.67 462
165.92 460
166.92 458
167.78 457
168.91 454
169.78 453
170.91 452
171.91 451
172.77 451
173.89 450
174.89 449
175.89 447
176.64 448
178 447
178.88 437
179.88 456
181.88 449
182.88 448
183.73 449
184.73 451
185.86 452
186.86 451
187.61 454
188.86 453
189.86 455
190.61 458
191.86 460
192.86 462
193.86 462
194.73 463
195.86 467
196.61 471
197.86 464
198.61 462
199.48 478
202.61 487
207.36 382
209.86 345
210.61 345
211.98 349
215.11 2452
215.86 288
216.73 289
222.23 289
222.48 295
227.98 3025
228.61 280
234.98 3576
235.98 3662
236.98 3739
237.86 3894
238.98 3941
251.23 227
254.23 260
255.36 249
256.23 259
275.78 6355
297.73 7511
298.73 7587
303.73 8262
304.73 8236
305.73 8262
344.66 7375
345.64 7244
346.64 7258
347.64 7390
348.64 7304
349.64 7581
358.11 13748
5.59 13748
7.58 11790
8.58 11790
14.58 13316
32.7 5618
33.7 5642
38.7 4883
39.7 4798
40.7 4711
41.7 4832
42.7 4787
43.7 4721
44.69 4609
45.69 4544
46.69 4713
47.69 4659
53.69 4194
55.69 4163
56.69 4156
57.69 4156
58.69 4153
59.69 4150
60.67 4171
61.67 4153
62.67 4150
63.67 4137
64.67 4097
65.67 4142
66.67 4142
67.67 4145
68.67 4145
69.67 4135
70.67 4142
71.67 4143
72.67 4156
73.8 3244
74.8 3249
76.66 4171
77.66 4205
78.66 4199
79.66 4204
85.75 3451
87.75 3468
88.73 3479
92.72 3517
100.34 277
102.09 215
104.08 176
105.08 177
108.69 219
109.06 218
111.06 217
112.05 212
127.83 283
139.38 282
140.5 284
147.34 337
158.06 485
159.06 478
159.81 210
159.94 473
161.06 470
162.05 468
163.05 465
164.17 464
165.3 460
166.05 459
167.17 459
168.28 457
169.16 455
170.03 454
171.16 453
172.28 451
173.28 450
174.16 450
175.27 450
176.39 449
177.27 448
178.27 447
181.25 449
182.38 447
183.38 450
183.98 450
185.23 451
186.23 451
187.36 453
188.34 453
189.22 455
190.09 456
190.97 459
192.09 460
192.95 461
194.08 462
195.08 466
197.06 469
197.81 470
198.81 470
200.06 480
203.05 489
207.92 378
210.17 344
211.3 345
212.17 350
215.42 2462
215.92 288
219.67 360
222.05 291
222.67 303
227.3 2998
228.3 282
228.3 3014
229.8 283
230.3 288
235.31 3592
236.3 3701
237.3 3796
238.17 3914
239.17 3982
251.05 238
254.67 251
255.55 250
276.05 6355
296.05 7511
297.05 7511
298.05 7538
299.06 7581
304.05 8223
305.05 8262
306.03 8262
343.91 7538
344.91 7375
345.89 7268
346.89 7278
347.89 7658
348.88 7385
7.81 11790
8.81 11790
14.81 12529
32.95 5603
33.95 5609
38.95 4919
39.95 4727
40.95 4785
41.95 4811
42.95 4757
43.95 4665
44.95 4615
45.95 4532
46.95 4742
47.95 4639
52.94 4351
54.94 4158
55.94 4151
56.94 4169
57.94 4148
58.94 4138
59.94 4121
60.94 4129
61.94 4126
62.94 4127
63.94 4132
64.94 4129
65.94 4140
66.94 4127
67.92 4122
68.92 4108
69.92 4145
70.92 4145
71.92 4150
72.92 4138
74.05 3290
75.05 3232
76.91 4195
77.91 4184
78.91 4207
79.91 4197
80.91 4194
85.02 3451
86.02 3459
87.02 3479
88.02 3472
89.02 3491
90.02 3488
92 3522
93 3510
101.62 279
104.38 175
106.38 235
108.36 219
109.36 219
109.84 219
111.34 214
112.34 212
128.27 285
134.36 362
140.09 280
141.08 279
146.69 338
152.16 386
157.39 482
158.5 478
159.38 476
160.38 473
161.5 472
162.36 469
163.23 467
164.48 464
165.48 460
166.47 458
167.34 456
168.58 456
169.45 454
170.33 453
171.44 452
172.69 451
173.56 450
174.55 450
175.67 448
176.42 447
177.53 447
178.78 435
179.66 420
180.52 451
181.39 449
182.52 450
183.62 450
184.5 450
185.62 450
186.48 452
187.23 452
188.48 455
189.47 453
190.22 456
191.47 458
192.2 462
193.2 461
194.45 463
195.19 465
196.44 469
197.31 457
198.19 465
199.31 477
200.19 485
201.94 484
210.33 346
211.47 347
214.73 2467
216.09 288
220.11 359
221.98 293
227.64 3025
228.88 282
235.64 3615
236.64 3716
237.64 3812
238.52 3944
239.52 4080
249.02 260
252.89 255
255.02 248
255.89 259
275.45 6332
297.48 7511
298.48 7554
304.47 8249
305.47 8262
344.38 7339
345.36 7244
346.36 7254
347.36 7249
348.36 7304
349.36 7619
8.34 11790
14.34 12588
32.48 5530
33.48 5685
39.48 4828
40.48 4715
41.48 4835
42.48 4791
43.48 4734
44.48 4619
45.48 4585
46.48 4686
47.48 4651
53.48 4194
55.48 4135
56.48 4140
57.48 4161
58.5 4154
59.48 4172
60.48 4140
61.48 4135
62.48 4143
63.48 4140
64.48 4106
65.48 4122
66.48 4150
67.48 4135
68.48 4151
69.48 4145
70.48 4156
71.48 4142
72.48 4161
73.48 4151
74.61 3249
76.48 4146
77.48 4158
78.48 4187
79.48 4187
81.48 4200
86.61 3462
87.61 3466
88.61 3501
100.34 278
103.95 176
104.95 176
108.94 218
109.69 218
109.94 219
111.94 211
128.12 291
139.09 287
139.97 286
147.69 339
158.14 485
158.91 210
159.02 478
160.14 473
160.89 470
162.12 468
163.25 463
164 463
165.12 460
166.12 460
167.11 459
168.11 456
169.23 454
170.11 454
171.22 452
172.09 451
173.22 450
174.09 450
175.34 449
176.2 448
177.2 448
178.2 447
181.06 449
182.19 447
183.31 450
184.06 450
185.17 452
186.17 451
187.17 453
188.3 453
188.92 455
190.3 455
191.17 459
192.05 459
192.92 460
193.92 461
195.05 465
197.17 465
197.92 470
199.05 470
200.05 480
202.67 493
207.69 376
210.31 344
210.94 345
212.19 350
215.44 2466
216.44 287
219.81 358
222.56 291
223.45 288
227.34 3005
228.2 284
229.83 291
229.83 283
235.36 3592
236.36 3706
237.36 3792
238.23 3918
239.23 3984
253.38 359
254.12 247
255.77 250
275.16 6355
284.16 6885
297.16 7511
298.16 7560
299.14 7658
304.14 8262
305.14 8249
344.09 7522
345.09 7349
346.09 7294
347.08 7268
348.08 7576
349.08 7479
358.34 14002
15 12225
34.12 5556
36.12 5162
39.12 4938
40.12 4725
41.12 4850
42.12 4817
43.12 4744
44.12 4663
45.12 4617
46.12 4544
47.12 4742
48.12 4645
53.11 4309
54.11 4174
55.11 4185
56.11 4174
57.11 4154
58.11 4169
59.11 4151
60.11 4151
61.11 4137
62.11 4151
63.11 4129
64.11 4138
65.11 4150
66.11 4153
67.11 4150
68.11 4151
69.11 4150
70.11 4138
71.11 4129
72.11 4146
73.11 4153
74.23 3284
75.23 3232
77.11 4167
78.11 4182
79.11 4187
80.11 4200
81.11 4180
85.22 3440
87.2 3466
88.2 3466
89.2 3489
92.19 3508
93.17 3493
103.8 172
104.53 175
106.14 221
106.53 238
108.52 219
109.14 219
109.77 219
111.5 212
112.5 213
128.16 287
139.47 282
147.06 331
152.03 389
157.52 485
158.39 478
159.64 474
160.39 473
161.52 471
162.52 466
163.77 465
164.52 464
165.75 461
166.5 459
167.5 458
168.75 456
169.75 454
170.62 452
171.62 452
172.75 451
173.73 450
174.48 450
175.61 448
176.73 447
177.61 447
178.98 433
179.73 447
180.48 450
181.72 449
182.72 449
183.84 450
184.59 450
185.59 450
186.83 450
187.83 453
188.58 455
189.7 454
190.45 457
191.56 459
192.69 462
193.44 463
194.69 464
195.69 466
196.69 469
197.42 460
198.67 459
199.3 476
202.28 484
207.03 375
209.77 347
210.39 347
211.52 349
214.89 2459
215.77 287
216.64 287
222.77 295
227.77 3025
229.02 281
235.77 3622
236.77 3729
237.77 3831
238.64 3931
239.64 4091
253.03 381
253.16 257
256.66 256
275.53 6355
297.53 7511
298.53 7538
303.53 8217
305.55 8262
344.41 7437
345.41 7244
346.39 7239
347.39 7283
348.39 7294
349.38 7647
358.05 13283
14.28 12588
32.44 5524
33.45 5669
39.45 4830
40.45 4702
41.47 4832
42.45 4793
43.45 4725
44.45 4613
45.45 4593
46.45 4655
47.45 4637
53.45 4192
55.45 4174
56.45 4166
57.45 4143
58.45 4140
59.45 4154
60.45 4163
61.45 4146
62.45 4146
63.45 4143
64.45 4108
65.45 4140
66.45 4154
67.45 4176
68.45 4145
69.45 4148
70.45 4161
71.45 4148
72.45 4174
73.45 4159
74.56 3242
76.44 4154
77.44 4171
78.44 4182
79.44 4200
81.44 4209
86.55 3462
87.55 3465
88.55 3487
89.55 3482
90.53 3502
92.53 3537
93.53 3558
100.28 279
103.91 176
104.91 176
108.89 218
109.39 218
109.89 219
111.89 211
128.64 290
139.8 285
147.52 335
152.62 400
157.73 485
158.72 478
159.97 474
160.84 474
161.72 469
162.95 467
163.83 464
164.83 461
165.95 460
166.95 458
167.94 456
168.94 453
169.81 454
171.06 452
171.94 451
173.05 451
174.05 449
175.16 447
176.03 448
177.03 447
178.02 448
179.27 439
179.89 476
181.12 448
182 448
182.86 450
183.98 449
185.11 450
185.72 451
186.72 452
187.84 454
188.95 454
189.95 456
190.81 458
191.81 460
192.94 461
193.8 463
194.92 464
195.8 468
196.53 470
197.78 466
198.64 465
199.77 477
202.62 489
207.5 383
209.88 343
210.88 345
212 350
215.14 2456
215.89 288
221.91 288
223.16 294
227.05 2980
228.05 3033
229.28 288
235.06 3588
236.06 3691
237.06 3748
238.06 3901
238.94 3946
252.44 230
253.81 260
256.06 260
256.69 248
275.81 6340
297.83 7538
298.83 7603
303.81 8210
304.81 8255
305.8 8230
344.64 7422
345.62 7268
346.62 7258
347.62 7416
348.61 7314
358.33 14305
5.55 13748
6.55 11790
7.55 11790
8.55 11790
14.55 12801
32.67 5582
33.66 5639
38.66 4879
39.66 4765
40.66 4709
41.66 4815
42.66 4774
43.64 4682
44.64 4591
45.64 4536
46.64 4675
47.64 4625
53.64 4174
55.62 4135
56.62 4145
57.62 4158
58.62 4138
59.62 4148
60.62 4146
61.62 4148
62.62 4135
63.62 4138
64.62 4114
65.61 4134
66.61 4151
67.61 4130
68.61 4134
69.61 4146
70.61 4171
71.61 4146
72.61 4176
73.59 4145
74.72 3214
75.59 4150
76.59 4190
77.59 4189
78.59 4204
79.59 4204
81.58 4220
85.7 3456
86.7 3459
87.7 3477
88.7 3487
101.31 277
102.06 213
104.06 176
105.05 177
108.77 219
109.02 218
110.52 218
111.38 212
127.77 292
139.83 281
140.56 285
147.16 336
157.97 481
158.84 476
159.48 209
160.08 474
160.95 471
162.2 468
163.2 464
164.19 462
165.19 461
165.92 460
167.3 458
168.03 456
169.16 454
170.02 455
171.27 452
172.02 451
173.12 451
174.12 450
174.98 448
175.98 448
176.97 447
177.97 448
179.09 441
179.95 482
181.2 448
181.94 448
182.94 450
184.05 450
184.8 452
185.78 451
186.78 454
188.03 453
188.77 454
189.89 456
190.75 459
191.75 461
192.86 461
193.86 462
194.73 466
195.97 469
196.72 469
197.72 467
198.72 466
199.59 477
202.72 485
207.34 385
209.84 344
210.97 345
211.84 349
215.22 2458
215.97 287
216.84 288
222.22 289
222.59 294
227.08 2980
228.08 3036
228.97 284
235.08 3583
236.08 3670
237.08 3746
238.08 3905
239.08 3951
252.45 231
253.83 258
256.7 249
256.95 260
275.83 6351
284.83 6885
297.81 7538
298.8 7581
303.8 8223
304.78 8275
305.78 8262
344.61 7385
345.61 7263
346.59 7254
348.59 7334
349.58 7565
5.55 13748
7.55 11790
8.53 11816
14.53 13053
32.62 5571
33.62 5645
38.62 4890
39.62 4780
40.62 4696
41.62 4832
42.62 4780
43.62 4723
44.62 4605
45.62 4557
46.62 4706
47.62 4659
48.62 4609
53.62 4185
55.62 4146
56.61 4154
57.61 4151
58.61 4146
59.61 4153
60.59 4138
61.59 4159
62.59 4156
63.59 4148
64.59 4110
65.58 4129
66.58 4146
67.58 4135
68.58 4148
69.56 4132
70.56 4138
71.56 4143
72.56 4163
73.56 4156
74.67 3221
76.55 4172
77.55 4177
78.53 4207
79.53 4212
81.53 4212
86.64 3459
87.64 3486
88.62 3492
90.61 3491
92.61 3522
93.59 3558
100.59 278
103.95 176
104.95 177
108.42 219
108.94 218
110.92 218
111.92 211
128.19 290
140.86 285
147.31 335
152.39 395
157.86 482
158.98 478
159.72 474
160.84 472
161.84 470
162.83 467
163.95 464
165.08 461
165.81 460
166.81 458
167.81 456
168.92 454
169.92 454
171.05 452
172.03 451
173.16 451
173.91 449
174.89 448
175.77 447
177.14 447
178 448
179.12 440
179.88 477
181.11 449
181.86 448
182.86 449
183.97 449
184.97 451
185.97 451
186.83 452
187.83 454
188.83 453
189.83 455
190.7 458
191.7 460
192.7 462
193.83 461
194.7 465
195.58 469
196.56 470
197.81 465
198.69 464
199.69 477
207.56 384
210.05 343
211.05 344
212.17 351
215.17 2472
215.55 288
222.28 289
223.28 294
227.03 2981
228.03 3027
228.66 283
236.03 3676
237.03 3733
237.91 3900
238.91 3949
251.91 233
253.91 259
256.28 249
256.41 259
275.78 6355
297.73 7527
298.73 7592
303.72 8236
304.72 8236
305.72 8217
306.72 8262
344.59 7406
345.59 7229
346.59 7254
347.59 7339
348.58 7324
349.58 7576
7.53 11790
8.53 11790
14.52 12499
32.64 5553
33.64 5645
38.64 4890
39.64 4768
40.64 4694
41.64 4824
42.64 4783
43.64 4715
44.64 4613
45.64 4550
46.64 4686
47.62 4653
53.62 4185
56.61 4167
57.61 4151
58.61 4135
59.61 4119
60.61 4143
61.61 4129
62.61 4142
63.59 4154
64.59 4121
65.59 4135
66.59 4134
67.59 4156
68.59 4129
69.59 4116
70.59 4140
71.58 4156
72.58 4140
73.58 4151
74.7 3240
75.58 4159
76.58 4184
77.58 4210
78.58 4220
79.56 4212
81.56 4210
85.67 3458
86.67 3463
87.67 3477
88.66 3488
89.66 3489
100.77 277
101.52 213
104.02 176
105.25 177
108.36 218
109.48 219
109.73 218
112.23 212
127.28 277
128.78 292
139.86 280
140.84 285
147.19 339
157.92 485
159.05 478
159.8 211
159.92 472
161.05 470
161.91 468
162.91 465
164.28 463
165.16 461
166.28 459
167.03 458
168.16 456
169.03 454
170.27 454
171.14 452
172.27 451
173.14 451
174.14 450
175.27 447
176.14 449
177.39 448
178.25 447
181.25 449
182.12 448
183.25 450
184.12 450
185.25 452
186.25 451
187.25 453
188 455
189.12 454
190 456
191.25 458
192 460
193.25 460
194.23 461
195.23 465
196.98 469
197.86 472
198.98 471
199.98 480
202.86 497
207.98 376
210.23 345
211.36 345
211.86 350
215.48 2454
216.11 288
219.86 358
221.86 291
227.36 3037
228.48 283
228.86 284
230.11 280
235.36 3594
236.36 3710
237.36 3800
238.36 3921
239.23 3999
254.75 239
257.12 253
275.17 6283
277.17 6508
284.17 6885
297.17 7511
298.17 7549
299.17 7608
304.19 8242
305.19 8249
344.14 7511
345.14 7314
346.14 7294
347.14 7278
348.12 7309
349.12 7576
33.11 5874
34.23 5504
39.25 4919
40.25 4813
41.25 4863
42.25 4817
43.25 4755
44.25 4669
45.25 4609
46.25 4571
47.25 4680
53.25 4237
54.25 4176
55.25 4167
56.25 4167
57.25 4150
58.25 4154
59.25 4146
60.25 4153
61.25 4154
62.25 4164
63.25 4135
64.25 4151
65.25 4127
66.25 4138
67.25 4142
68.25 4138
69.25 4138
70.27 4150
71.27 4135
72.27 4156
73.27 4159
74.39 3257
76.27 4135
77.27 4135
78.27 4164
79.27 4210
81.27 4187
85.39 3451
86.39 3459
88.39 3486
89.39 3475
92.39 3472
93.39 3486
99.89 282
104.77 175
108.64 219
108.77 219
110.75 218
111.75 211
112.73 214
128.12 289
139.8 283
147.41 333
152.27 392
157.62 485
158.62 478
159.62 474
160.88 472
161.88 469
162.61 466
163.73 463
164.86 462
165.73 460
166.86 458
167.73 456
168.98 454
170.09 453
170.72 452
172.09 451
172.7 451
174.08 448
174.95 449
176.06 447
177.06 449
177.94 448
178.92 439
179.8 467
180.8 449
181.91 448
183.03 449
183.91 449
184.91 450
185.64 452
186.89 451
187.77 454
188.88 453
189.88 454
190.88 458
191.61 459
192.86 460
193.86 462
194.59 466
195.47 468
196.59 470
197.7 465
198.83 463
199.7 476
207.22 384
209.84 343
210.84 345
211.48 351
215.12 2471
215.98 288
216.75 285
221.39 289
222.77 294
228.05 3029
228.53 288
235.06 3590
236.06 3696
237.06 3745
237.94 3898
238.94 3938
252.45 228
254.08 259
255.7 249
257.2 260
275.88 6309
283.89 6885
297.91 7538
298.91 7565
303.91 8223
304.89 8262
305.89 8262
306.89 8262
343.8 7511
344.8 7370
345.8 7244
346.78 7263
347.78 7619
348.78 7360
358.09 13838
5.75 13748
6.75 11790
14.75 12455
32.89 5609
33.89 5621
38.89 4913
39.89 4727
40.91 4770
41.91 4808
42.91 4755
43.91 4678
44.91 4611
45.91 4532
46.91 4717
47.91 4637
52.92 4340
54.92 4158
55.92 4154
56.92 4166
57.92 4146
58.92 4135
59.92 4140
60.92 4142
61.94 4124
62.92 4138
63.92 4121
64.92 4113
65.92 4130
66.92 4151
67.92 4135
68.92 4145
69.92 4134
70.92 4134
71.92 4126
72.91 4156
74.03 3284
75.03 3230
75.91 4146
76.91 4179
77.91 4197
78.91 4214
79.91 4204
80.91 4189
85.02 3451
86.02 3457
87.02 3468
88.02 3483
89.02 3507
90.02 3503
93.02 3510
100.75 279
104.38 176
105.62 236
108.23 219
108.23 219
109.61 219
110.48 214
112.36 213
127.81 285
134.67 363
140.03 281
140.91 277
146.88 329
152.36 388
157.59 482
158.34 478
159.59 475
160.59 473
161.58 471
162.58 467
163.45 466
164.45 464
165.69 461
166.44 458
167.69 456
168.81 455
169.44 454
170.42 453
171.42 452
172.55 451
173.67 450
174.41 449
175.78 448
176.66 447
177.78 447
178.66 434
179.64 442
180.39 450
181.64 449
182.64 449
183.62 449
184.75 450
185.62 451
186.75 451
187.5 453
188.73 454
189.48 454
190.36 456
191.61 459
192.48 461
193.36 463
194.36 465
195.61 466
196.36 471
197.36 460
198.61 459
199.62 475
202.25 487
207.52 375
209.77 347
210.52 347
211.77 349
214.91 2464
216.28 287
221.67 289
222.3 295
227.81 3024
228.81 281
235.83 3626
236.83 3725
237.7 3826
238.7 3940
250.72 225
253.47 258
255.97 250
256.47 257
275.69 6325
297.72 7527
298.72 7565
303.7 8217
304.7 8262
305.7 8262
344.62 7411
345.62 7249
346.62 7258
348.62 7299
5.64 13748
6.64 11790
7.64 11790
8.64 11790
14.66 12755
32.81 5585
33.81 5621
38.81 4897
39.81 4717
40.81 4719
41.81 4811
42.81 4772
43.83 4686
44.83 4603
45.83 4534
46.83 4706
47.83 4639
52.83 4351
54.84 4159
55.84 4146
56.84 4156
57.84 4150
58.84 4142
59.84 4145
60.84 4116
61.84 4138
62.84 4132
63.84 4114
64.86 4121
65.86 4124
66.86 4132
67.86 4124
68.86 4126
69.86 4134
70.86 4154
71.86 4146
72.86 4158
73.98 3297
74.98 3225
75.88 4158
76.88 4177
77.88 4185
78.88 4207
79.88 4190
80.88 4199
85 3451
86.02 3466
87 3461
88 3506
89 3504
90 3503
92 3504
93 3503
100.98 225
101.61 278
104.36 176
106.23 230
107.36 219
109.36 219
110.34 219
110.59 214
112.34 212
127.67 286
140.14 281
140.52 280
146.73 330
152.22 387
157.58 486
158.45 478
159.7 475
160.58 473
161.7 470
162.7 469
163.58 463
164.45 462
165.45 461
166.58 458
167.45 457
168.58 455
169.56 454
170.44 452
171.44 453
172.44 451
173.69 450
174.69 448
175.81 448
176.56 448
177.81 447
178.94 433
179.56 443
181.81 448
182.69 449
183.69 450
184.56 449
185.56 450
186.69 452
187.44 453
188.56 455
189.69 454
190.44 458
191.44 459
192.69 462
193.56 462
194.56 464
195.58 466
196.45 470
197.45 461
198.45 460
199.33 477
202.45 487
207.22 380
209.72 346
210.84 346
211.97 349
214.98 2458
215.47 285
216.47 287
221.23 289
222.98 294
227.88 3023
228.38 282
235.89 3654
236.89 3728
237.91 3884
238.78 3946
252.28 225
253.17 259
255.44 249
255.94 258
275.8 6355
284.81 6885
297.83 7517
298.83 7587
303.84 8223
304.84 8262
343.86 7511
344.86 7401
345.86 7239
346.86 7254
347.86 7619
348.86 7329
8.86 11790
14.86 12633
33.02 5615
34.02 5594
39.03 4926
40.03 4719
41.03 4804
42.03 4819
43.03 4744
44.03 4688
45.03 4603
46.05 4540
47.05 4742
48.05 4643
53.05 4332
54.05 4172
55.05 4166
56.05 4163
57.06 4146
58.06 4161
59.06 4135
60.06 4129
61.06 4130
62.06 4143
63.06 4135
64.06 4132
65.06 4146
66.06 4132
67.06 4158
68.08 4145
69.08 4138
70.08 4146
71.08 4124
72.08 4148
73.08 4142
74.2 3274
75.2 3230
77.08 4135
78.09 4156
79.08 4185
80.08 4194
81.08 4187
85.19 3426
87.19 3500
88.19 3484
92.17 3470
93.17 3488
103.8 171
104.55 175
105.66 238
108.53 220
109.53 219
110.53 219
111.52 212
112.52 214
128.09 287
140.31 283
146.91 333
152.41 390
157.53 486
158.53 480
159.78 474
160.78 472
161.66 471
162.78 466
163.78 462
164.66 462
165.91 461
166.66 458
167.66 457
168.66 455
169.91 453
170.78 452
171.91 452
172.91 451
174.03 448
175.03 449
175.91 447
177.03 448
177.77 448
178.77 437
179.64 459
181.02 449
181.89 448
182.89 449
184.02 448
184.64 450
185.77 452
186.64 451
187.77 454
188.64 453
189.77 454
190.64 457
191.64 460
192.64 460
193.75 462
194.62 464
195.62 468
196.5 470
197.75 464
198.88 463
199.5 477
202.62 491
207.38 384
210 344
210.88 345
212 349
215.14 2455
216.38 284
216.62 286
221.64 288
222.52 294
228.03 3028
228.78 287
235.05 3587
236.05 3673
237.05 3753
238.06 3901
238.94 3938
252.31 235
253.56 258
255.95 249
257.45 260
275.86 6306
283.88 6885
297.91 7538
298.91 7570
303.92 8242
304.92 8236
306.92 8262
343.88 7533
344.88 7375
345.88 7263
346.86 7268
347.86 7664
348.86 7375
8.8 11790
14.83 12588
33.02 5627
34.03 5585
39.05 4929
40.05 4732
41.05 4806
42.05 4819
43.05 4740
44.05 4673
45.05 4619
46.05 4532
47.05 4746
48.05 4651
53.05 4325
54.06 4169
55.06 4166
56.06 4161
57.06 4142
58.06 4138
59.06 4153
60.06 4151
61.06 4151
62.06 4140
63.06 4143
64.06 4142
65.06 4114
66.06 4129
67.06 4154
68.06 4150
69.06 4140
70.08 4142
71.08 4126
72.08 4130
73.08 4151
74.2 3286
75.2 3226
77.08 4143
78.08 4150
79.08 4195
80.08 4177
81.08 4177
85.2 3433
87.2 3493
88.2 3489
89.2 3509
92.2 3495
93.2 3485
101.08 282
104.58 175
106.33 239
107.58 223
107.7 220
108.72 219
110.58 219
111.08 212
112.58 214
127.89 288
139.59 283
147.34 333
152.47 392
157.58 485
158.58 478
159.83 474
160.95 472
161.7 469
162.7 466
163.7 464
164.83 462
165.95 460
166.95 458
167.7 458
168.83 456
169.94 453
171.06 451
171.94 451
172.81 451
173.81 449
174.94 449
176.05 448
176.8 448
177.8 448
178.8 438
179.8 464
181.05 449
181.91 449
182.78 449
184.03 449
184.66 451
185.78 452
187.03 452
187.91 454
188.77 454
189.89 455
190.89 458
191.77 461
192.77 461
193.64 463
194.62 465
195.88 468
196.5 471
197.75 465
198.62 465
199.62 478
202.5 489
207.66 382
209.91 344
210.92 344
211.67 350
215.2 2436
215.56 287
221.84 289
222.59 295
227.14 2997
228.16 3029
228.88 287
235.17 3592
236.19 3704
237.19 3782
238.06 3907
239.19 3962
252.58 227
276.08 6355
277.09 6496
284.12 6894
296.19 7511
297.19 7511
298.19 7549
299.19 7647
304.19 8236
305.19 8262
306.19 8262
344.2 7474
345.2 7258
346.2 7254
347.2 7258
348.2 7289
349.2 7636
8.23 11790
32.44 5524
33.44 5666
39.45 4832
40.47 4700
41.47 4824
42.47 4783
43.47 4738
44.48 4619
45.48 4567
46.48 4619
47.48 4635
53.52 4187
55.52 4135
56.52 4153
57.52 4156
58.53 4153
59.53 4153
60.53 4145
61.53 4156
62.55 4143
63.55 4127
64.55 4100
65.55 4135
66.55 4130
67.55 4140
68.56 4129
69.56 4126
70.56 4138
71.56 4146
72.56 4148
73.58 4146
74.7 3216
76.58 4192
77.58 4185
78.59 4197
79.59 4210
85.73 3451
87.73 3466
88.73 3485
89.75 3475
101.25 277
102.14 214
104.12 175
105.12 178
109.12 218
110.12 219
111.38 217
112.12 212
127.23 284
140.09 280
141.09 278
152.34 382
157.22 484
158.22 479
159.22 212
159.47 473
160.47 471
161.22 469
162.45 471
163.58 466
164.33 463
165.58 459
166.45 458
167.33 456
168.45 456
169.33 454
170.58 453
171.33 453
172.69 451
173.69 448
174.56 449
175.56 449
176.44 448
177.31 448
178.69 433
179.69 424
180.44 450
181.56 449
182.31 450
183.55 450
184.55 450
185.55 450
186.55 452
187.67 452
188.67 454
189.55 453
190.42 456
191.3 458
192.42 461
193.55 462
194.55 464
195.3 466
196.55 470
197.31 459
198.44 458
199.44 475
202.2 486
209.59 349
210.86 347
211.48 348
214.89 2463
216 288
216.88 287
222.89 295
227.81 3025
229.05 282
235.84 3637
236.84 3729
237.84 3838
238.73 3933
251.12 225
253.89 258
254.02 272
255.02 249
257.16 258
275.78 6355
284.83 6885
297.86 7538
298.86 7581
303.86 8255
304.86 8249
343.84 7527
344.84 7385
345.84 7254
346.84 7254
347.84 7669
348.84 7339
358.2 13910
14.89 12573
34.08 5574
39.09 4949
40.09 4734
41.09 4848
42.11 4824
43.11 4742
44.11 4667
45.11 4611
46.12 4530
47.12 4719
48.12 4649
53.14 4304
54.14 4161
55.16 4172
56.16 4146
57.16 4142
58.16 4148
59.16 4159
60.16 4140
61.16 4151
62.16 4153
63.17 4150
64.17 4150
65.17 4158
66.17 4151
67.17 4158
68.17 4158
69.17 4161
70.17 4171
71.19 4135
72.19 4142
73.19 4145
74.31 3298
77.19 4176
78.19 4163
79.2 4161
80.2 4172
81.2 4194
85.33 3443
86.33 3470
87.34 3476
89.34 3471
92.34 3496
93.34 3502
100.72 284
104.72 175
107.59 219
109.72 219
110.72 218
111.72 211
112.72 217
127.95 290
140.44 285
147.3 335
158.03 482
159.03 478
160.03 474
161.03 473
162.16 469
163.03 466
164.03 464
165.03 461
166.03 459
167.16 458
168.03 456
168.91 454
169.91 454
171.03 452
172.03 451
173.03 451
174.16 450
175.28 448
176.16 448
176.91 448
178.28 447
179.16 440
179.91 486
181.28 449
182.03 448
183.03 450
184.03 450
185.03 452
186.3 450
187.3 453
188.05 453
189.05 455
189.94 456
191.06 458
191.94 459
192.94 460
194.2 462
194.95 466
196.95 472
198.09 472
198.84 471
199.97 481
210 346
211.52 345
214.53 2470
215.55 2457
216.78 288
220.42 357
222.05 291
227.47 3036
228.08 284
229.58 285
235.5 3595
236.5 3709
237.52 3797
238.39 3933
239.39 4031
248.53 260
252.94 253
275.47 6332
297.55 7527
298.55 7565
303.56 8242
305.56 8262
344.69 7380
345.69 7254
346.69 7239
348.69 7294
5.7 13748
6.7 11790
7.7 11790
8.7 11790
14.7 12397
32.92 5615
33.92 5630
38.95 4913
39.95 4727
40.95 4778
41.97 4824
42.97 4757
43.97 4686
44.98 4601
45.98 4521
46.98 4736
48 4637
53.02 4346
55.02 4189
56.02 4172
57.02 4151
58.03 4156
59.03 4150
60.03 4122
61.03 4134
62.05 4151
63.05 4154
64.05 4148
65.05 4142
66.05 4135
67.06 4140
68.06 4150
69.06 4145
70.06 4127
71.08 4116
72.08 4134
73.08 4142
74.2 3296
75.2 3229
77.09 4163
78.09 4161
79.09 4172
80.11 4199
81.11 4190
85.23 3429
88.23 3465
89.23 3480
90.23 3517
92.23 3461
93.23 3503
99.73 284
103.61 174
104.61 175
107.48 219
108.61 219
110.61 218
110.61 212
111.48 215
128.5 290
140.12 284
147.38 334
152.62 395
158.02 486
159.02 478
159.77 475
160.89 471
161.89 468
162.89 465
163.89 464
165.02 460
166.14 459
167.27 457
168.27 456
169.28 453
169.91 455
170.91 452
172.16 451
173.03 451
174.03 449
175.03 448
176.16 447
177.16 448
178.03 448
179.3 442
179.8 482
181.05 449
182.17 448
183.05 450
184.3 450
185.05 452
186.05 451
187.19 453
188.19 452
189.31 454
190.19 455
191.06 459
192.06 459
192.94 460
193.94 460
194.95 466
196.95 467
197.95 470
198.95 470
200.08 480
202.84 496
209.97 345
211.47 345
214.5 2457
215.5 2452
216.23 287
219.77 360
222.64 291
227.44 3010
228.55 284
228.92 285
230.55 281
235.47 3595
236.47 3711
237.48 3809
238.48 3943
239.36 4031
248.25 260
254.03 251
275.41 6328
297.52 7522
298.52 7549
306.55 8275
344.64 7437
345.64 7249
346.64 7249
348.64 7334
5.64 13748
6.64 11790
8.64 11790
14.67 12755
32.91 5618
33.91 5624
38.94 4919
39.94 4723
40.95 4765
41.95 4808
42.95 4759
43.95 4680
44.97 4609
45.97 4536
46.97 4744
47.97 4639
53 4351
55 4182
56 4169
57.02 4167
58.02 4161
59.02 4153
60.02 4142
61.03 4142
62.03 4126
63.03 4158
64.03 4140
65.05 4176
66.05 4164
67.05 4156
68.05 4164
69.06 4150
70.06 4158
71.06 4122
72.06 4127
73.08 4153
74.2 3307
75.2 3234
76.08 4135
77.08 4176
78.08 4169
79.08 4190
80.09 4187
81.09 4189
85.22 3428
88.23 3479
89.23 3457
92.23 3463
93.25 3501
103.62 174
104.62 175
108.27 219
108.52 220
110.64 218
111.52 212
112.66 215
127.75 289
140 284
147.62 334
152.39 397
157.77 485
159.02 478
159.89 473
160.89 473
162.16 469
163.16 466
163.91 464
165.16 460
165.91 459
167.16 458
168.16 455
169.16 453
170.03 453
171.16 453
171.92 451
173.03 451
173.91 449
175.28 448
176.28 447
177.28 448
178.28 447
179.28 440
179.91 482
181.28 448
182.16 448
183.14 450
183.89 450
185.14 451
186.14 451
187.02 454
188.02 453
188.89 454
190.14 455
191.02 459
192.02 459
193.02 460
194 461
194.75 466
196.75 463
197.88 471
199 471
199.88 480
202.62 497
209.78 345
211.42 345
214.47 2463
215.48 2449
216.2 288
220.23 359
221.88 291
227.45 3040
228.05 284
229.81 286
235.52 3595
236.52 3710
237.53 3809
238.41 3946
239.41 4069
248.92 260
253.45 253
275.48 6351
297.66 7538
298.66 7560
303.66 8255
305.66 8262
344.7 7380
345.7 7234
346.7 7244
348.7 7334
5.73 13820
6.73 11816
7.73 11790
8.75 11790
14.78 12648
32.98 5591
34 5594
39.02 4929
40.03 4715
41.03 4804
42.03 4821
43.05 4742
44.05 4675
45.05 4597
46.06 4542
47.06 4746
48.06 4653
53.09 4314
54.09 4159
55.11 4177
56.11 4156
57.11 4145
58.12 4158
59.12 4143
60.12 4142
61.14 4138
62.14 4132
63.14 4148
64.16 4143
65.16 4135
66.17 4153
67.17 4161
68.17 4164
69.17 4164
70.17 4176
71.17 4132
72.19 4166
73.19 4143
74.31 3274
75.31 3251
77.2 4164
78.2 4200
79.2 4195
81.2 4182
85.34 3440
86.34 3459
88.36 3493
89.36 3475
90.36 3512
92.36 3487
93.38 3523
100.12 280
103.75 174
104.75 175
108.77 218
108.77 219
110.77 218
127.89 291
140.39 285
147.64 336
157.91 484
159.03 478
159.78 210
160.16 473
160.91 470
162.03 468
163.03 464
164.16 463
165.3 461
166.03 460
167.03 458
168.28 456
169.03 454
170.16 454
171.16 453
172.03 451
173.03 451
174.16 450
175.41 449
176.03 449
177.28 448
178.03 447
181.28 449
182.14 447
183.02 449
184.14 450
185.02 451
186.02 451
187.14 453
188.02 453
189.02 455
190.27 455
191.14 458
192.14 460
193.27 460
193.89 463
195.14 466
197.02 468
198.02 473
198.89 474
200.03 481
202.05 486
209.97 346
211.34 346
214.64 2455
215.66 2456
216.25 287
220.03 361
222.55 293
227.61 3034
228.08 285
229.47 287
235.64 3610
236.66 3715
237.66 3813
238.53 3949
239.55 4089
252.97 379
253.58 254
256.72 255
275.61 6344
283.67 6885
284.67 6885
297.73 7527
298.73 7570
303.75 8236
304.75 8217
305.75 8262
306.75 8262
343.81 7511
344.81 7385
345.81 7254
346.81 7278
347.81 7703
348.81 7365
7.88 11790
14.91 12588
34.11 5559
39.14 4935
40.14 4734
41.14 4879
42.16 4826
43.16 4748
44.16 4673
45.17 4613
46.17 4542
47.17 4692
48.19 4627
53.2 4278
54.22 4161
55.22 4176
56.22 4158
57.23 4180
58.23 4177
59.25 4138
60.25 4154
61.25 4163
62.25 4169
63.25 4150
64.27 4169
65.27 4161
66.27 4146
67.27 4138
68.27 4150
69.28 4163
70.28 4159
71.28 4134
72.28 4159
73.3 4172
74.42 3258
77.3 4182
78.31 4190
79.31 4184
81.31 4217
86.45 3453
89.47 3472
90.47 3495
92.48 3503
93.48 3510
100.86 278
103.86 175
104.86 176
107.62 218
109.88 219
110.88 218
111.89 211
128.06 290
139.31 282
140.56 285
147.45 337
158.09 481
159.45 211
159.47 475
160.22 471
161.47 468
162.22 468
163.09 467
164.22 462
165.22 460
166.22 459
167.47 458
168.47 456
169.34 455
170.34 453
171.34 453
172.22 451
173.34 449
174.59 450
175.47 449
176.47 448
177.59 448
179.72 558
181.59 449
182.22 449
183.22 450
184.34 450
185.22 450
186.47 450
187.34 453
188.22 454
189.22 454
190.34 455
191.22 458
192.34 462
193.23 461
194.36 464
195.11 466
196.25 470
197.5 457
198.27 460
199.39 475
202.41 484
210.45 346
211.33 348
214.88 2467
215.59 287
217.11 287
221.38 288
222.64 295
227.81 3023
228.42 281
235.86 3644
236.86 3729
237.88 3838
238.75 3938
250.66 225
255.06 249
256.19 258
275.89 6325
296.98 7511
297.98 7543
298.98 7587
304 8262
305 8262
306.02 8242
344.14 7511
345.14 7289
346.14 7283
347.14 7254
348.16 7304
349.16 7614
32.47 5530
33.47 5697
39.5 4841
40.5 4702
41.52 4837
42.52 4800
43.52 4727
44.53 4631
45.53 4571
46.53 4647
47.55 4643
53.58 4184
55.58 4135
56.58 4166
57.59 4164
58.59 4169
59.59 4156
60.59 4166
61.59 4163
62.61 4142
63.61 4140
64.61 4110
65.61 4129
66.62 4140
67.62 4143
68.62 4167
69.62 4156
70.62 4140
71.64 4134
72.64 4179
73.77 3220
74.77 3223
76.66 4177
77.66 4197
78.66 4212
79.66 4220
85.81 3454
86.81 3477
87.81 3489
88.81 3486
89.81 3495
92.81 3544
100.69 221
100.94 277
104.19 175
105.19 179
108.08 219
108.7 219
111.2 215
112.2 212
127.59 285
134.72 360
140.23 281
141.11 278
147.11 329
152.12 388
157.5 486
158.5 478
159.38 475
160.38 473
161.38 471
162.5 468
163.62 464
164.75 462
165.5 460
166.75 458
167.5 458
168.5 455
169.88 453
170.88 452
171.88 451
172.88 451
173.5 450
174.75 449
175.88 448
176.62 448
177.75 448
178.88 435
179.62 452
180.62 450
181.62 448
182.62 449
183.52 448
184.64 450
185.77 451
186.89 451
187.52 454
188.64 454
189.52 455
190.53 456
191.66 460
192.66 460
193.66 462
194.53 464
195.41 468
196.67 470
197.55 463
198.55 462
199.55 477
202.55 488
207.19 380
209.81 344
210.7 346
212.08 350
215.09 2466
215.83 287
216.33 289
221.98 288
222.38 294
228.06 3030
228.66 284
235.11 3596
236.12 3679
237.12 3752
238 3902
239.02 3953
251.31 235
276.05 6351
284.08 6885
297.11 7522
298.11 7554
299.11 7658
304.12 8262
305.12 8262
306.12 8262
344.2 7511
345.2 7304
346.2 7258
347.2 7289
348.2 7339
349.2 7619
358.19 13784
32.38 5553
33.25 5810
34.38 5513
39.39 4866
40.41 4706
41.41 4866
42.41 4798
43.41 4732
44.41 4635
45.42 4613
46.42 4587
47.42 4647
53.44 4210
55.44 4150
56.44 4158
57.44 4161
58.44 4143
59.44 4153
60.44 4138
61.45 4153
62.45 4158
63.45 4135
64.45 4114
65.45 4140
66.45 4148
67.45 4138
68.45 4167
69.47 4158
70.47 4138
71.47 4146
72.47 4146
73.47 4138
74.59 3226
76.47 4148
77.48 4167
78.47 4184
79.47 4190
81.47 4210
85.59 3451
86.59 3471
87.59 3486
88.58 3483
89.58 3499
90.58 3555
92.58 3558
93.58 3572
100.95 215
101.2 278
103.95 176
104.95 176
108.94 218
109.94 219
110.19 217
110.81 212
128.03 292
139.38 281
140.88 284
157.88 483
159.12 476
159.88 211
160.25 471
161.25 470
162.12 468
163.25 466
164.38 464
165.25 459
166.12 459
167.12 459
168.25 456
169.5 454
170.38 454
171.38 453
172.25 452
173.25 449
174.25 451
175.5 449
176.5 448
177.38 447
178.25 447
181.25 449
182.38 448
183.12 450
184.38 450
185.25 451
186.5 452
187.38 454
188.38 455
189.12 455
190.5 456
191.12 458
192.38 460
193.12 461
194.25 464
195.25 466
196 469
197.25 458
199.25 474
200 480
210.12 346
211.5 346
214.64 2463
215.64 2453
216.39 287
220.16 357
221.91 293
227.56 3028
228.42 283
229.92 285
235.58 3595
236.58 3714
237.59 3809
238.47 3944
239.47 4081
249.09 260
253.11 253
275.44 6344
297.5 7543
298.5 7560
303.52 8242
305.52 8262
344.52 7422
345.52 7263
346.52 7254
347.52 7289
348.52 7339
349.52 7680
358.2 13856
7.48 11816
8.48 11790
14.5 12573
32.69 5574
33.7 5627
38.72 4881
39.72 4787
40.72 4704
41.72 4821
42.72 4783
43.72 4692
44.72 4597
45.73 4542
46.73 4717
47.73 4651
52.73 4351
53.75 4187
54.75 4156
55.75 4156
56.75 4158
57.75 4156
58.75 4145
59.75 4145
60.75 4130
61.77 4124
62.77 4106
63.77 4110
64.77 4114
65.77 4124
66.77 4124
67.77 4127
68.77 4121
69.78 4132
70.78 4142
71.78 4135
72.78 4153
73.91 3238
74.91 3229
76.78 4176
77.78 4192
78.78 4204
79.78 4214
80.78 4189
85.92 3457
86.92 3478
87.92 3488
88.92 3483
89.92 3499
91.92 3485
92.92 3514
100.55 277
101.3 225
104.3 176
105.3 178
108.31 219
109.3 219
111.17 212
111.3 214
127.97 285
139.55 280
141.17 279
147.05 329
152.17 386
157.42 484
158.55 480
159.3 475
160.55 473
161.3 471
163.42 467
164.42 462
165.55 460
166.42 458
167.67 456
168.55 455
169.53 454
170.53 453
171.66 452
172.53 451
173.52 450
174.64 449
175.64 448
176.52 448
177.5 448
178.62 433
179.88 429
181.73 449
182.36 449
183.48 450
184.48 450
185.47 451
186.72 451
187.47 453
188.47 455
189.58 454
190.33 456
191.58 458
192.33 461
193.56 462
194.44 465
195.31 466
196.31 471
197.55 459
198.55 458
199.42 475
202.3 487
207.19 375
209.58 347
210.45 347
211.59 349
214.88 2464
215.73 288
216.48 287
222.52 295
227.81 3015
228.67 281
235.84 3636
236.84 3718
237.84 3846
238.72 3944
250.61 225
253.62 258
255.5 250
255.88 257
275.72 6332
283.75 6885
284.75 6885
297.8 7527
298.8 7576
303.8 8223
304.8 8262
344.77 7427
345.77 7244
346.77 7239
347.75 7560
348.75 7304
5.77 13766
6.77 11790
8.77 11790
14.78 12529
32.94 5591
33.94 5600
38.95 4935
39.95 4713
40.97 4787
41.97 4817
42.97 4746
43.97 4682
44.97 4609
45.98 4530
46.98 4746
47.98 4637
53 4339
54 4158
55 4154
56 4153
57.02 4142
58.02 4146
59.02 4148
60.02 4132
61.02 4106
62.03 4127
63.03 4143
64.03 4145
65.03 4138
66.03 4132
67.03 4138
68.03 4138
69.03 4134
70.03 4146
71.03 4132
72.03 4140
73.03 4146
74.16 3275
75.16 3222
76.03 4164
77.03 4192
78.03 4179
79.03 4180
80.03 4205
81.03 4174
85.16 3438
88.16 3483
89.16 3510
92.16 3477
93.16 3484
101.64 282
104.52 175
106.52 238
107.27 220
108.14 220
110.52 219
111.25 214
111.52 213
128.36 287
140.09 283
147.2 332
152.2 390
157.58 486
158.7 480
159.7 475
160.7 473
161.81 469
162.81 466
163.81 463
164.69 462
165.94 461
166.94 458
167.8 458
168.92 456
169.92 453
170.8 451
171.92 452
172.67 451
173.91 448
174.78 449
175.78 448
176.66 449
177.91 448
178.91 438
179.91 466
181.02 449
181.89 448
182.64 449
184.02 449
184.89 450
186.02 451
186.88 451
187.75 453
188.88 453
190 455
190.62 457
191.62 459
192.75 461
193.88 462
194.62 466
195.88 469
196.62 470
197.75 465
198.88 463
199.77 477
202.52 485
207.28 381
209.66 343
211.03 345
211.53 351
215.17 2459
216.3 287
221.44 289
222.94 294
227.09 2975
228.09 3034
228.95 285
235.12 3594
236.12 3706
237.12 3765
238.14 3897
239.02 3974
251.66 235
276.03 6344
284.06 6894
296.08 7511
297.09 7511
298.09 7543
299.09 7636
304.09 8236
305.09 8262
306.09 8262
344.08 7511
345.08 7289
346.08 7263
347.08 7278
348.08 7469
349.08 7565
33.31 5813
34.33 5518
39.34 4908
40.34 4702
41.34 4846
42.36 4793
43.36 4738
44.36 4637
45.36 4621
46.38 4573
47.38 4653
53.39 4215
54.41 4156
55.41 4167
56.41 4166
57.41 4172
58.41 4145
59.41 4138
60.41 4148
61.41 4143
62.42 4138
63.42 4159
64.42 4105
65.42 4143
66.42 4153
67.42 4161
68.42 4143
69.42 4159
70.44 4137
71.44 4140
72.44 4151
73.44 4146
74.56 3231
76.44 4135
77.44 4161
78.45 4180
79.45 4209
81.45 4210
85.58 3451
86.59 3482
87.59 3486
88.59 3489
89.59 3497
92.59 3536
100.22 278
103.97 176
104.97 176
108.97 218
109.59 218
109.97 219
110.72 212
127.45 283
128.83 288
139.06 281
140.19 284
147.3 337
158.17 481
159.17 476
159.92 211
160.17 472
161.3 471
162.17 468
163.05 465
164.3 464
165.17 459
166.17 459
167.42 458
168.17 456
169.31 454
170.31 453
171.31 452
172.44 451
173.31 449
174.19 451
175.56 449
176.44 448
177.44 447
178.44 445
179.69 412
179.81 555
181.31 449
182.31 449
183.31 450
184.31 451
185.45 450
186.45 450
187.33 454
188.33 453
189.22 454
190.34 455
191.47 457
192.47 462
193.36 462
194.36 464
195.23 466
196.12 470
197.25 457
198.5 463
199.12 476
200.02 481
202.27 483
210.42 346
211.31 347
214.84 2461
215.94 288
216.95 287
220.72 354
222.34 294
227.77 3022
229.25 282
235.8 3631
236.8 3719
237.8 3824
238.81 3941
239.69 4102
249.08 260
252.72 259
254.98 249
256.23 258
275.77 6359
297.86 7543
298.86 7576
303.88 8242
304.88 8249
344.03 7511
345.03 7396
346.03 7254
347.03 7263
348.03 7479
349.03 7474
358.09 13838
33.3 5835
34.3 5507
39.31 4904
40.33 4717
41.33 4848
42.33 4804
43.33 4738
44.34 4631
45.34 4607
46.34 4571
47.36 4635
53.38 4214
55.39 4153
56.39 4151
57.39 4159
58.39 4159
59.41 4159
60.41 4154
61.41 4154
62.41 4140
63.42 4143
64.42 4121
65.42 4135
66.42 4151
67.44 4163
68.44 4142
69.44 4169
70.44 4154
71.45 4138
72.45 4134
73.45 4167
74.58 3253
76.47 4163
77.47 4180
78.47 4184
79.48 4205
81.48 4200
86.61 3463
87.61 3461
88.61 3497
101.25 277
101.98 213
104 176
105 177
109 218
109.62 218
110 219
112 212
127 285
140 280
140.62 283
151.88 387
157.14 485
158.27 478
159.14 475
160.02 211
160.39 473
161.27 469
162.28 470
163.41 466
164.41 462
165.53 459
166.41 458
167.53 457
168.53 456
169.28 455
170.55 454
171.42 452
172.55 451
173.55 450
174.42 450
175.42 449
176.55 448
177.55 447
178.56 436
179.69 420
180.56 451
181.44 449
182.56 450
183.56 450
184.44 450
185.31 451
186.45 452
187.58 453
188.45 455
189.45 454
190.58 455
191.45 458
192.33 462
193.58 461
194.59 465
195.34 466
196.34 470
197.59 458
198.34 461
199.47 475
202.36 483
209.86 349
210.36 347
211.38 348
214.89 2463
216 282
216.64 287
222.78 295
227.83 3022
229.06 281
235.86 3643
236.86 3725
237.73 3842
238.73 3946
252.27 225
254.41 259
255.53 249
257.05 258
275.78 6355
284.81 6885
297.86 7543
298.86 7608
303.89 8262
304.89 8262
305.89 8262
343.97 7549
344.97 7344
345.97 7263
346.95 7263
347.95 7608
348.95 7432
358.05 13520
33.06 5868
34.19 5513
39.22 4931
40.23 4698
41.23 4861
42.23 4808
43.23 4736
44.23 4649
45.25 4613
46.25 4556
47.25 4653
53.27 4239
54.28 4182
55.28 4163
56.28 4146
57.28 4166
58.28 4146
59.3 4156
60.3 4150
61.3 4140
62.3 4124
63.31 4143
64.31 4134
65.31 4121
66.31 4150
67.31 4145
68.33 4153
69.33 4148
70.33 4151
71.33 4119
72.34 4156
73.34 4153
74.47 3255
76.34 4156
77.34 4171
78.34 4185
79.36 4182
81.36 4187
86.5 3502
87.5 3486
89.5 3489
90.5 3495
92.52 3560
93.52 3515
100.77 279
103.89 176
104.89 176
108.78 219
108.91 218
109.78 218
111.92 211
128.62 289
139.47 280
140.47 285
158 482
159.12 476
159.88 211
160.38 472
161.38 472
162.12 468
163.02 465
164.39 464
165.14 459
166.27 459
167.39 458
168.14 456
169.39 453
170.27 454
171.41 452
172.27 451
173.39 448
174.52 450
175.39 450
176.52 449
177.52 448
178.27 447
181.5 449
182.25 448
183.38 449
184.38 450
185.38 451
186.5 450
187.12 453
188.48 452
189.36 453
190.23 455
191.11 458
192.36 460
193.23 460
194.11 462
195.11 466
195.97 470
197.34 458
199.22 477
199.97 482
201.97 485
210.38 347
211.64 347
214.69 2461
215.53 288
216.3 288
220.2 359
222.83 294
227.66 3032
228.38 282
235.7 3616
236.72 3723
237.59 3817
238.59 3937
239.61 4100
252.89 257
255.03 249
256.03 256
275.69 6306
297.84 7549
298.84 7570
303.84 8255
304.86 8262
305.86 8262
343.91 7527
344.91 7365
345.91 7263
346.91 7289
347.91 7587
348.91 7360
357.94 13748
14.97 12282
34.2 5515
39.23 4929
40.23 4780
41.23 4848
42.25 4795
43.25 4721
44.25 4637
45.27 4609
46.27 4556
47.27 4651
53.3 4240
54.31 4176
55.31 4179
56.31 4179
57.33 4174
58.33 4166
59.33 4158
60.34 4148
61.34 4142
62.34 4156
63.36 4135
64.36 4119
65.38 4151
66.38 4140
67.38 4132
68.38 4164
69.39 4150
70.39 4156
71.39 4166
72.39 4169
73.41 4138
74.53 3242
76.42 4153
77.42 4180
78.42 4200
79.42 4217
81.44 4217
86.58 3469
87.59 3483
88.59 3511
92.61 3570
100.5 278
102 215
104 176
105.02 177
109.02 218
109.52 219
110.77 212
111.02 217
127.14 283
139.41 281
141.03 283
151.92 385
157.19 482
158.31 481
159.19 476
160.44 472
161.31 471
162.56 468
163.19 466
164.33 464
165.45 460
166.45 458
167.58 457
168.58 455
169.45 454
170.7 453
171.45 452
172.58 451
173.7 450
174.58 450
175.58 449
176.58 447
177.7 447
178.58 433
179.7 427
180.7 450
181.7 448
182.45 449
183.33 451
184.45 450
185.45 450
186.45 450
187.45 454
188.33 455
189.33 455
190.58 458
191.33 459
192.33 461
193.58 462
194.45 464
195.33 468
196.47 468
197.34 460
198.47 461
199.23 475
202.38 486
207.03 380
209.66 347
210.42 347
211.92 349
214.97 2452
215.44 288
217.2 287
221.36 290
222.23 295